logme r1 gpat logag y
-5.858933 -0.06639456 0.237469 -0.08724212 0.0828068
-4.458719 -0.06 0.3926329 -0.1831637 0.08401158
-6.664963 -0.1344538 0.1161079 -0.07184134 0.008674048
-7.373917 -0.002105264 0.3735126 -0.07511374 -0.04537087
-5.247344 0 0.326633 -0.02486119 0.0621021
-8.017642 -0.05828877 0.2140343 -0.2927665 -0.01212959
-7.659999 -0.02649007 0.3960334 -0.07863966 -0.03049441
-6.888706 0.05637584 0.5363852 -0.1017942 -0.0004642435
-6.508043 0.03484321 0.3619759 -0.05073397 0.01389827
-5.007711 0.08695652 0.1426133 0.08789163 -0.07411961
-6.613991 -0.1144231 0.0958861 -0.03741768 -0.07931819
-6.633839 0.01754386 0.44251 -0.1037926 0.1032614
-10.78432 -0.02058822 0.1577318 -0.09774516 0.01059217
-5.817057 -0.09385965 0.3430011 -0.1202185 0.1061387
-5.453608 0.009569378 0.3111046 -0.1113095 0.03947598
-5.93619 -0.01771428 0.4540469 -0.07241065 0.02468992
-7.116525 -0.08730159 0.2111084 -0.2795623 0.1452061
-5.858999 0.05045871 0.5191293 -0.04218224 -0.03202161
-9.375244 -0.02077922 0.3022379 -0.182606 -0.02468304
-6.997983 -0.04929385 0.3110996 -0.2351015 0.05636078
-6.933937 -0.131361 0.1521878 -0.007885735 0.01048019
-5.286951 -0.1529412 0.1175652 -0.1138169 0.04866951
-5.770029 -0.004255319 0.8669329 -0.066364 -0.002101849
-5.964628 0.08333334 0.3984244 0.06767063 -0.01134904
-7.261131 -0.1818182 0.3719902 -0.1294469 0.0365031
-7.406959 -0.02222222 0.5243708 -0.1187503 0.06401704
-4.363576 0.02830189 0.4037709 0.258125 0.06966218
-4.942829 0.05681818 0.2474121 0.03794831 0.1416004
-4.470186 0.006756757 0.3900772 0.04201642 0.08405556
-4.992293 -0.122807 0.04770172 -0.1040381 -0.07361835
-4.788067 0.06896552 0.4676115 -0.09243135 0.1463037
-8.390219 0.01816949 0.7468767 -0.1477833 -0.003442912
-4.962393 0.09150327 0.2279169 -0.930889 -0.2090973
-6.707451 0.2191559 0.3043863 -0.09975077 -0.03251976
-7.013274 -0.1265823 0.152151 -0.06300945 -0.01633469
-7.636915 -0.03844961 0.1075948 -0.04475159 0.0134849
-7.033201 -0.000714285 0.2110009 -0.1052409 -0.02615424
-4.933911 -0.01020408 0.7281326 -0.1464152 -0.01221484
-6.794466 0.003902439 0.2534072 -0.09737724 0.1952478
-6.973902 -0.07608695 0.08625937 -0.1095289 -0.0257502
-7.128865 -0.03623188 0.2870533 -0.4698378 -0.1257347
-5.401882 -0.08595041 0.248421 -0.1978194 -0.03314508
-9.149122 -0.01419753 0.35659 -0.06703248 -0.0505326
-9.323388 -0.07824428 0.4577271 -0.1474147 0.04634372
-4.422512 0.01630435 0.2535287 0.03127676 0.04321794
-10.25082 -0.1028807 0.333729 -0.1338248 -0.02468304
-6.398394 -0.2429217 0.04437014 -0.2336373 -0.01727273
-6.00675 -0.04390244 0.1612923 -0.06635735 -0.01062754
-7.142357 0.1142857 0.3185346 -0.1947328 0.07488193
-9.52889 -0.1129032 0.3893901 -0.1062853 -0.01532043
-9.318138 -0.03013699 0.1627686 -0.07084735 0.06165903
-6.955343 -0.1007194 0.4457373 -0.1567937 0.04137993
-5.872157 -0.0513924 0.3621188 -0.0624353 0.113143
-5.2412 0.04678363 0.1031784 -0.8769499 -0.05250114
-6.498127 0.09037901 0.4529366 -0.3566076 -0.03657382
-7.037269 -0.005870021 0.3782542 -0.171594 -0.02327897
-6.185722 -0.01612903 0.1182216 -0.08195324 0.0319293
-10.37931 -0.07495146 0.7049022 -0.0848792 0.06469647
-5.585807 0 0.126864 -0.1075752 -0.1152451
-6.809221 0.01838235 0.2786433 -0.1842059 0.0106316
-8.241076 -0.1359259 0.3054641 -0.02136549 0.01278516
-5.995807 0.06462585 0.6574788 -0.2414988 0.1392276
-5.842283 -0.200009 0.1299087 -0.139191 -0.017478
-7.600459 0.03022223 0.6756632 -0.07837458 -0.002137323
-4.511712 -0.237037 0.1175168 -0.01060748 0.007944839
-5.726183 -0.1921466 0.1997818 -0.3519985 0.007725634
-5.625572 -0.1528384 0.2392089 -0.2146462 -0.04706333
-4.329326 -0.09917355 0.03683404 0.02740515 -0.008956698
-6.802295 0.02869757 0.585454 -0.1038122 -0.007290601
-8.726144 -0.5629629 0.5042583 -0.1545023 -0.1860244
-5.473791 -0.122724 0.6167069 -0.2303303 0.06291913
-6.61838 0.01238095 0.4339857 -0.06983973 0.001510647
-5.99785 -0.172 0.528795 -0.1439316 -0.08414467
-5.610759 0 0.2807841 0.4223092 -0.05241092
-8.019175 -0.05142857 0.4489178 -0.1114995 -0.110029
-6.670795 -0.04921466 0.2406228 -0.008363239 -0.004391714
-4.317488 -0.7142857 0.8433118 -0.07559162 0.03778516
-5.060527 -0.5863875 0.5941555 -0.01396192 0.05247163
-4.634304 -0.03658536 0.2058768 -0.2988499 0.001510647
-6.046896 -0.05706161 0.03483149 -0.03802878 0.08475485
-7.476196 -0.1043257 0.1487056 -0.03579419 -0.02266031
-6.332071 -0.06796116 0.4638528 -0.16252 -0.02312393
-6.349753 -0.04565217 0.3086965 -0.05916641 0.03164481
-5.734308 0.04280155 0.1699125 -0.308336 -0.08050753
-4.60755 -0.05387205 0.3696762 0.1209065 -0.007635503
-6.794396 -0.03448276 0.2519247 -0.05214989 0.008618491
-7.923777 -0.01169591 0.08771556 -0.09118616 0.02366184
-4.276647 0.2020202 0.03816021 -0.3059644 -0.05483087
-5.122129 -0.08797654 0.02877069 -0.1574368 -0.03764162
-7.081242 -0.1079195 0.1513723 -0.09076393 -0.0690424
-8.164619 -0.02333333 0.918771 -0.168503 -0.02148738
-8.786343 -0.007211538 0.3962995 -0.143941 -0.03854738
-8.794947 -0.05151515 0.4414647 -0.1446366 -0.04516393
-5.671283 -0.08661017 0.03361962 -0.03632672 -0.006769956
-7.192073 -0.02919708 0.3229621 -0.1766536 0.0821114
-6.046792 -0.08585858 0.09144062 -0.09265289 -0.04108247
-5.382036 -0.004807693 0.5825405 -0.5028611 0.01154911
-8.573819 -0.06909091 0.4394667 -0.1357069 -0.05031008
-8.587746 -0.03522388 0.07369083 -0.5354986 -0.0303521
-9.542616 -0.03142857 0.279137 -0.08825591 0.006160042
-7.036524 -0.08831169 0.06660549 -0.0588858 0.008997279
-7.297576 -0.05242506 0.1702138 -0.09192419 0.01850069
-7.267444 -0.04580153 0.4393146 -0.207021 0.05031557
-4.268692 0.05936037 0.4371065 -0.2339248 0.2421711
-9.641792 -0.05263158 0.2454653 -0.2023234 -0.02610373
-7.19748 -0.005649718 0.7692584 -0.08965761 0.03248213
-4.993937 -0.08504673 0.3762596 -0.01112489 0.0573027
-8.643836 -0.2171974 0.2522136 -0.3841609 -0.01591855
-4.291945 0.0962963 0.6957537 -0.6125465 -0.04445528
-9.117604 -0.06538462 0.2120702 -0.1393686 -0.02581292
-4.264425 0.04 0.001088732 -0.668521 0.06278516
-6.596726 -0.120339 0.4229442 -0.08682834 0.01345566
-7.056908 -0.02 0.3258556 -0.1376667 0.06038551
-8.88553 -0.03738318 0.3486368 -0.1188625 -0.07497761
-5.295927 0.1304348 0.3065412 0.08778569 -0.06221485
-4.800982 -0.09490196 0.04106364 -0.05222248 -0.0006206405
-4.653592 0.0125 0.2916437 -0.0375724 0.2464349
-5.406303 -0.06277778 0.3594871 0.05626187 0.03445182
-7.871182 -0.04910714 0.1243572 -0.06303915 0.03813977
-6.123917 -0.1699422 0.5583526 -0.08373506 -0.03138151
-6.396385 -0.06130653 0.3495282 -0.08776891 0.05461131
-6.275567 -0.06719368 0.1403012 -0.01467215 0.1129703
-5.580208 -0.1196319 0.9782118 -0.09627815 0.0950911
-7.721864 -0.08163265 0.2980211 0.001304642 -0.01661736
-6.307648 0 0.6901009 -0.0803843 0.01422194
-5.660878 -0.0917647 0.9028967 -0.03656263 -0.01668973
-4.232518 0.005099602 0.1294336 -0.1240262 0.01700326
-8.199977 0.03741496 1.111816 -0.1528996 -0.0248179
-7.500486 0.06402439 0.5438535 -0.2350138 0.07649308
-4.896335 -0.125683 0.04766691 -0.04942 -0.03280308
-8.135508 -0.04712042 0.2907453 -0.0928437 0.04861849
-8.654385 -0.01355932 0.8460553 -0.125514 0.010949
-4.732494 0.01793104 0.3409872 -0.03365403 0.06873754
-7.858274 -0.04347826 0.07733154 -0.1029601 0.00645182
-4.535322 0.01851852 0.3394554 0.2012058 0.03998642
-5.370965 0 0.2965046 0.04167246 0.03606511
-6.384581 0.05556561 0.4864901 -0.04163939 0.09878839
-6.68245 -0.0104712 0.1173246 -0.1132633 -0.01929602
-9.330069 -0.03846154 0.3948326 -0.1731312 -0.06850415
-4.355907 0 0.320738 -0.09519018 -0.03888151
-5.735104 -0.02797203 0.6416835 -0.5994766 -0.04690872
-6.188314 -0.245614 0.2351212 -0.1399988 0.1739354
-5.514172 -0.0530303 0.441379 -0.109573 -0.03643547
-5.907462 -0.105 0.3449594 0.0008693608 0.00754383
-7.366334 -0.05425101 0.8576858 -0.04956771 0.01330599
-4.364202 0.007246377 0.5405625 -0.4011503 -0.0007793195
-4.642055 -0.05782313 0.1760382 -0.1731058 0.07063617
-4.450007 0 0.4688923 -0.004107402 0.04968992
-6.655842 0.09433962 0.4625888 -0.09183502 0.1218129
-6.891133 -0.1206896 0.7506052 -0.1118234 0.05958003
-7.205538 -0.06713287 0.3700218 0.0005469302 0.03445182
-4.266195 -0.01604278 0.04987556 -0.06200708 -0.004670982
-4.767907 0.0734375 0.03338517 0.0005845544 -0.01306955
-4.349733 -0.1586777 0.03503869 -0.02649298 0.1002552
-4.984777 -0.02666666 0.04503041 -0.1650642 -0.01722017
-5.32585 -0.01630435 0.3041372 -0.6244021 0.07480833
-6.737348 -0.02232143 0.3489152 -0.07074282 -0.0007155705
-6.338669 0.01744966 0.5670911 -0.1197912 0.01765828
-5.849483 -0.148 0.2514995 0.02422209 -0.02299916
-6.556628 -0.1542857 1.08844 -0.1174934 0.05082146
-5.049709 -0.1048544 0.04274869 -0.1646055 0.01127666
-5.843834 -0.02366667 0.2455861 -0.005910574 0.02111849
-5.26858 -0.1025641 0.2849433 -0.2945458 0.02111849
-4.671501 -0.02453039 0.04145524 -0.1428626 -0.09844673
-4.635525 -0.2515723 0.02914436 -0.1876778 -0.009032263
-6.63817 -0.06787331 0.105779 -0.1020876 -0.05515269
-6.952029 -0.04530744 1.061067 -0.1398828 -0.04389699
-6.722389 -0.1923077 0.2406125 -0.09364212 -0.02484925
-5.095418 -0.02886598 0.3835915 -0.05137087 0.0002851565
-7.524804 0.02970297 0.832354 -0.1341466 -0.002691033
-5.117599 -0.0234192 0.04563605 -0.1185971 -0.03151309
-5.154476 -0.1196748 0.30222 -0.07831072 0.04334071
-6.549083 -0.1015075 1.045755 -0.0739712 0.0117727
-6.258966 0.07142857 0.4884754 -0.0860938 0.04323387
-5.921915 -0.05877778 0.0286714 -0.1324324 0.04486519
-5.53489 -0.006134969 0.2248921 -0.1192885 -0.125223
-7.196638 -0.08884422 0.6715349 -0.05542917 -0.01609081
-7.538729 -0.1881188 0.2426589 -0.1546449 -0.04554818
-7.067108 -0.1576227 0.2834455 -0.04567453 -0.03245294
-4.446057 0.02580645 0.2267623 0.05593481 0.004451823
-5.299428 -0.08308157 0.5888843 -0.1726278 -0.02490661
-6.010277 -0.04672897 0.2627873 -0.05280058 0.09254707
-7.354527 -0.1467505 0.3543744 -0.09961874 -0.004110028
-6.367037 -0.1456311 0.02635415 -0.1245175 -0.02125439
-6.594434 -0.0689394 0.08095861 -0.05442843 -0.01472381
-6.230739 -0.0955414 0.9536895 -0.168991 -0.08740864
-5.150675 -0.1072727 0.5442814 -0.07270484 0.07667405
-7.712535 0.03636363 0.4830892 -0.131094 -0.01076557
-4.215042 -0.2036199 1.218777 -0.03347672 -0.07256572
-5.031377 0.05321739 0.1245895 -0.2361798 -0.002245995
-7.487202 0.1309524 0.5339305 -0.06239781 0.02659794
-5.82333 -0.03021739 0.4030467 -0.1632579 0.03716127
-6.800291 -0.04658537 0.2936289 -0.07042466 0.09212441
-6.665156 -0.1212121 0.3907998 -0.09601469 -0.1021692
-5.337586 0.1619048 0.3524565 -0.1028935 0.03930031
-5.293476 -0.006060606 0.1316055 0.120249 0.02111849
-6.2951 -0.1033044 0.2107936 -0.06245363 -0.05031008
-5.654839 0.02616822 0.2768606 -0.06770031 -0.07596889
-8.800874 -0.0255591 0.5336341 -0.145913 0.02267612
-5.669053 -0.1940299 0.1473298 -0.1495787 -0.03763151
-5.025007 -0.1023256 0.5617427 0.06552044 0.02649483
-4.31906 0.04166667 0.3379797 0.01999684 0.03546632
-6.531349 -0.0237467 0.5362127 -0.1703415 0.01019066
-7.408468 0.1145865 0.5056759 -0.1532262 -0.01840041
-7.95692 -0.1547244 0.2900604 -0.0454017 -0.009969591
-7.59516 -0.004424779 0.6372165 -0.1439409 0.02992906
-7.773815 -0.09574468 0.1160782 -0.0831136 -0.04684267
-4.478881 0.07070707 0.52251 -0.1330037 0.1624228
-5.857912 0.04102564 0.2929322 0.01970702 0.002936673
-4.926463 -0.08121827 0.2933937 -0.04329092 0.01642365
-8.515455 -0.1343284 0.323161 -0.1209835 -0.005197299
-7.505575 -0.01694915 0.5129523 -0.08159782 -0.01888151
-4.498822 -0.09047619 0.03334462 -0.09826565 -0.0008902415
-6.498003 -0.164557 0.3127993 0.1030462 0.1319881
-5.241118 -0.09079754 0.6799473 -0.1301133 0.01546877
-6.028104 0.07058824 0.09013488 -0.09755201 0.04010583
-6.977424 -0.06132076 0.1965237 -0.1240608 -0.08554818
-5.418305 -0.006802721 0.3468484 -0.1267193 -0.01401664
-7.519503 -0.02207207 0.488768 -0.08584602 -0.003380394
-7.154908 -0.02459016 0.7230799 -0.05947016 0.09311849
-5.201184 -0.1829268 0.3628298 -0.1355338 0.01060302
-5.777871 -0.02962963 0.1827106 -0.1772877 -0.008377912
-5.015757 0.0978125 0.4729056 -0.1724577 0.02996805
-4.244989 -0.09023256 0.8699701 -0.2623489 -0.07888151
-6.135369 0.03069307 0.1904178 -0.05791941 0.02635409
-7.702014 0.03229508 0.3279245 -0.07090754 0.145582
-7.124419 -0.03793104 0.218766 -0.1388761 0.004507196
-6.107379 -0.01587302 0.07237354 -0.08674999 0.005493491
-6.849037 -0.08167771 0.2832194 -0.1014031 -0.05149562
-6.140667 -0.1627219 0.02523507 -0.1055791 -0.04073718
-7.347321 0.02030457 0.06920698 -0.1072115 0.004538179
-6.323501 -0.05606061 0.3125561 -0.06170544 -0.0007793195
-4.47365 0.02739726 0.5091026 -0.1008423 0.08759736
-6.770347 -0.0589372 0.3157793 -0.07228822 -0.02980743
-4.704227 0.06694561 0.06247992 -0.149706 0.1152889
-7.91208 -0.01585455 0.4894032 -0.1459352 -0.02204698
-5.87351 -0.06529412 0.3046014 -0.06994095 0.004497993
-7.859652 -0.1691729 0.2451087 -0.2189967 -0.05380008
-6.119075 -0.03703704 0.09528707 0.0001820462 0.002825809
-8.246778 -0.04524887 0.909627 -0.1393479 -0.05896809
-8.642702 -0.1003953 0.4231103 -0.315167 -0.04228731
-5.850275 0 1.009063 -0.1088828 0.05569296
-6.991483 0.08426966 0.5713556 -0.1428125 0.1051676
-7.111517 -0.119469 0.2740842 -0.4532774 -0.135008
-9.691893 -0.0990099 0.3892152 -0.1620801 -0.04194457
-7.699132 0.1067308 0.3246002 -0.1915804 0.004725049
-4.540418 0.01621622 1.029767 -0.1340169 -0.0722881
-6.349356 -0.08391608 0.2641769 -0.04530434 -0.1272686
-5.720207 0.05072464 0.1034976 -0.126397 -0.06285098
-7.253293 -0.03474178 0.329957 -0.2571003 -0.09814757
-5.981293 -0.0940171 0.4430188 -0.01719781 0.06799349
-6.495978 -0.02857143 0.3751962 0.2539516 -0.01665929
-6.616292 -0.06666667 0.1223875 -0.04637308 -0.03948757
-4.797331 0.02192983 0.2921794 -0.2881538 -0.059599
-6.425636 -0.02150538 0.2956729 -0.1315588 0.0103658
-5.131753 -0.04162896 0.05430895 -0.07610197 -0.0295423
-5.010719 -0.02088167 0.3748058 -0.00105084 -0.03506333
-4.869914 0.01036269 0.04155042 -0.1386308 0.0420609
-6.617034 -0.04716981 0.4702593 -0.2728805 0.07823561
-6.68153 -0.1428571 0.08650252 0.0189823 -0.05755798
-4.676908 -0.275642 0.5756848 -0.04660312 -0.07704102
-5.653627 -0.0152381 0.3641231 -0.05296954 -0.03602437
-5.883774 -0.01075269 0.2869855 0.03727715 0.05657948
-6.489086 -0.02459016 0.5016214 -0.2620385 0.001278491
-7.15554 -0.004799996 0.1478977 0.1770116 0.026169
-6.358527 -0.2119658 0.3716353 0.07619643 0.04968992
-6.181072 -0.04797048 0.3088723 0.01983711 -0.1949378
-5.056684 -0.2325203 0.3276748 0.03185394 0.08778516
-4.562904 0.05426357 0.3520285 -0.01609825 0.07423324
-5.42576 0.01538462 0.5389783 -0.02916331 -0.04658985
-8.201404 -0.05333334 0.4566984 -0.1763654 -0.0674891
-7.16905 0.05460751 0.3034518 -0.1542686 0.0746925
-5.784855 -0.06493507 0.2697968 -0.04466623 0.08794775
-4.565506 -0.03603604 0.3133399 -0.1280645 -0.07366412
-5.955992 0.01304348 0.4401735 -0.09075633 0.05175916
-8.470749 -0.009661836 0.2344427 -0.118212 0.04312806
-6.467321 0.1333333 0.2488546 -0.08005276 0.09254707
-5.063117 0.09756097 0.004949851 -0.1457256 -0.08698962
-4.225112 -0.05555556 0.4388249 -0.1394386 -0.04586715
-7.238326 0.06342593 0.6009083 -0.054328 -0.02900682
-6.358405 0.01960784 0.2104122 -0.005002754 -0.1188815
-7.893328 -0.07878788 0.08823742 -0.10632 -0.05416241
-5.954961 -0.09677419 0.327584 -0.1309244 -0.08692073
-5.083371 -0.04 0.07336438 -0.1380608 -0.07503536
-5.518158 -0.1666667 0.1629243 -0.2290102 -0.1931672
-8.504498 0.02731343 0.1574371 -0.06897683 0.02504006
-5.979503 -0.03773585 0.0489978 -0.02953235 -0.1788815
-5.728528 -0.03809524 0.7517629 -0.1325038 -0.04823931
-5.704732 -0.03525424 0.4119375 -0.1290595 0.04611849
-4.83091 -0.03605442 0.400494 0.03900758 0.02111849
-5.366921 -0.03888889 0.4272042 -0.1043668 0.0301275
-4.677726 -0.1658182 0.2578078 -0.004847574 -0.03443707
-6.147074 0.05151515 0.08253712 -0.1449607 0.2160067
-6.404674 -0.06857143 0.2961661 -0.09785258 0.0446479
-7.152915 -0.05343916 0.1714353 -0.09982482 -0.1054638
-5.173732 0.02255639 0.114476 -0.1276947 0.005733876
-5.473893 0.0283237 0.2445308 -0.1163669 -0.09599862
-5.541264 0.1105263 0.1897956 -0.1279006 0.1311185
-4.462437 -0.1320312 0.1538376 -0.05081646 0.05735037
-6.136491 -0.01859778 0.6277105 -0.05660981 0.02111849
-4.868758 -0.007936508 0.775833 -0.04286509 -0.05699175
-5.488021 0.03925926 0.3064508 -0.3093471 0.1975891
-5.824451 -0.0441989 0.148237 -0.07100683 -0.07517781
-7.017798 -0.08666667 0.2341668 -0.09380911 0.008603148
-8.578375 -0.03688761 0.4188729 -0.2713784 -0.04367024
-6.44711 0.0210084 0.2365747 -0.002363566 -0.04497593
-7.07099 0.0325 0.1611268 -0.1736449 0.1950315
-5.410262 0.1411765 0.2209579 -0.01653608 0.06084452
-6.562668 -0.06642067 0.3719131 -0.08412147 -0.01002338
-7.622452 -0.09055375 0.2327701 -0.07054161 -0.03039666
-8.53791 -0.1068966 0.3103703 -0.2406706 -0.0598784
-8.861363 -0.006968641 0.4044963 -0.07652117 0.0003572445
-7.185402 -0.07272727 0.08447874 -0.08435141 -0.02274116
-7.185935 0.0125 0.1261511 -0.1449724 -0.03732307
-6.909117 -0.07142857 0.1379384 -0.05866416 0.02358763
-4.410067 -0.03591837 0.4231726 -0.1003313 0.05626849
-4.876997 0.009642864 0.309871 -0.08025862 0.04864143
-5.731163 -0.07185629 0.0999894 -0.1128707 -0.04033402
-8.251523 -0.1489011 0.4894604 -0.09820728 0.04762451
-5.185121 -0.0952381 0.3223515 -0.09486327 -0.02235977
-7.777929 -0.0912 0.3625214 -0.07281579 -0.02957275
-7.643846 -0.1528926 0.3816091 -0.03357224 0.05581383
-5.281497 -0.1122995 0.03188179 -0.09142323 -0.01253536
-4.170267 0.05384615 0.4337274 -0.1824839 0.07591301
-4.524876 0 0.04066109 -0.06454161 0.05587026
-4.177732 -0.04 0.03719093 -0.1607531 0.08009285
-5.84316 0.02252252 0.8216131 -0.08481864 -0.02975709
-4.484671 -0.1174089 0.04158304 -0.08603977 0.05720545
-7.308708 -0.1278196 0.1523479 -0.1990629 0.01436173
-7.93381 -0.103125 0.5726764 -0.1280225 0.0612331
-8.85888 -0.0438488 0.7625963 -0.1510313 0.0045622
-5.394786 0.01694915 0.1708659 -0.08108298 0.04267022
-6.152731 0.03611111 0.2489011 -0.1969642 0.02111849
-4.809067 -0.007142857 0.624507 -0.2035617 -0.004886237
-5.508183 0.05579399 0.4407062 -0.04512468 0.02293667
-4.430201 -0.2183099 0.03007095 -0.04270924 -0.08408382
-5.205558 -0.03658536 0.6759133 -0.1375703 0.1034714
-4.582234 -0.2 0.01423371 -0.1101009 -0.3288815
-5.77078 -0.09473684 0.2470833 -0.1585644 0.06265695
-6.932253 -0.01357466 0.3463402 -0.07939661 -0.04218508
-4.66328 -0.1081159 0.6054642 -0.1353993 0.02774101
-4.285073 0.0005333403 0.1572671 -0.01059735 -0.04194457
-4.892422 -0.07518797 0.1001129 -0.09321315 0.04209751
-5.564476 -0.05545064 0.2015294 -0.1817626 -0.02396348
-6.348162 -0.08 0.1095316 -0.1587649 0.01318198
-7.248227 -0.06771242 0.3431118 -0.06449409 -0.04099331
-6.936616 -0.131783 0.07095569 -0.1283202 -0.00984042
-5.967577 -0.1860465 0.08132927 -0.01015993 0.07994202
-6.788828 0.09055556 0.4258966 0.002827808 -0.04105767
-8.759241 -0.1083124 0.5835479 -0.09794897 0.02572679
-5.523159 -0.04347826 0.08696359 -0.01827722 0.02111849
-6.480915 -0.04464286 0.106531 -0.09710687 -0.004522535
-5.562306 0.003809524 1.162018 -0.1727505 -0.01771646
-4.183789 0.2428571 0.03093938 -0.9908188 -0.09208906
-6.482871 -0.1680402 0.3886621 -0.09383971 -0.08710662
-4.267794 0.07692308 0.3729248 -0.08097722 -0.01929817
-4.56161 0.06882591 0.2764355 0.07006606 -0.05105543
-4.611391 -0.02702703 0.4176777 -0.1079593 0.07006586
-8.756917 -0.07198748 0.6095869 -0.09192471 0.01907469
-4.807772 0.1681416 0.7880658 -0.1699689 0.03771423
-4.438106 -0.03 0.4289019 0.005777911 -0.01771646
-7.621029 0.075 0.593596 -0.1039242 -0.08081201
-4.605269 0.004587156 0.03531564 -0.05896515 0.1029618
-6.821324 -0.1171784 0.788111 -0.07997581 -0.02793811
-6.13371 -0.05357143 0.07678707 -0.1316241 0.01264391
-5.187453 -0.07213115 0.3058704 -0.08658323 -0.02964604
-4.308891 -0.01886793 0.3487666 -0.03044059 -0.05073336
-5.799626 -0.03440367 0.5730061 -0.1069936 0.01888635
-6.276673 -0.04166667 0.08797724 -0.1328499 0.02911849
-4.631337 0.04411765 1.103636 -0.1693077 0.03373387
-5.00471 -0.003311258 0.7427427 -0.4159183 -0.1075944
-6.919964 -0.08333334 0.07699992 -0.1439275 -0.05080459
-4.700033 0.07478261 0.3395212 0.01990151 0.04492801
-7.1717 -0.02752294 0.6203855 -0.05931196 0.03397563
-6.145249 -0.07563025 0.09532166 -0.08810001 -0.01294401
-4.714296 -0.2424243 0.6124467 -0.1227082 -0.1413713
-6.970578 -0.06535948 0.07877443 -0.1507868 0.01498352
-6.693353 -0.1327434 0.08220301 -0.1442504 0.02111849
-6.955395 -0.06060606 0.07533911 -0.1178025 -0.0003100815
-4.551606 0 0.2959298 -0.9327109 0.03338843
-4.184539 0.005714286 0.3531832 0.0121733 -0.02370909
-7.225452 0.01956284 0.3426965 -0.2295343 0.009945307
-6.98315 -0.04166667 0.2444262 -0.08975536 -0.03241997
-7.164016 -0.05415929 0.1688482 -0.224039 0.08949456
-7.003292 -0.02390438 0.2246768 -0.1558865 0.001663239
-7.176754 -0.03504673 0.4694349 -0.03127434 0.08533867
-6.542383 -0.06273683 0.09658643 -0.181805 -0.009493754
-5.353911 0.05645161 0.2376396 -0.02814015 0.1356484
-7.1912 -0.1052632 0.09315777 -0.08531949 -0.05731288
-6.394121 -0.109375 0.1112032 -0.1033171 -0.02301296
-6.464716 -0.05391305 0.1376942 -0.07361304 0.004169338
-6.340059 -0.06301887 0.1226903 -0.1065711 0.01202758
-4.522878 -0.05940594 0.08767728 -0.04333642 -0.04430207
-6.828904 -0.03864734 0.3971839 -0.05075252 0.02856035
-4.246502 0.007361963 0.3431357 -0.02279805 -0.0480639
-5.565353 -0.05697842 0.05222821 -0.06694543 -0.02026082
-7.332592 -0.06040268 0.1009384 -0.09683655 -0.03660303
-6.689894 -0.1125828 0.1051792 -0.1079851 0.003261347
-5.17325 -0.1217949 0.03760918 -0.08688809 0.005918491
-8.840455 -0.03552632 0.2773752 -0.1858678 -0.08975571
-5.572529 -0.0942029 0.1299963 -0.1092918 -0.02894774
-4.971219 -0.0979021 0.05377994 -0.2244829 -0.02463314
-7.074806 -0.05357143 0.115008 -0.1385984 -0.03820354
-5.451117 -0.110687 0.1349038 -0.1125314 0.01604632
-7.6449 -0.1418919 0.2211879 -0.09137291 -0.02621879
-6.646413 -0.03448276 0.132196 -0.04310861 -0.03545294
-4.636228 0.03286385 0.5250027 -0.05744997 -0.02257083
-6.688925 -0.05084746 0.4365096 -0.0399279 0.004989459
-5.857977 -0.07446808 0.09642398 -0.09992313 0.02111849
-7.303661 -0.08910891 0.07428089 -0.1203666 -0.03051787
-6.063207 -0.07943925 0.4167885 -0.06603514 -0.00940819
-5.645327 -0.1076923 0.3620752 0.4756416 -0.005430181
-5.551405 -0.05333334 0.1322802 -0.09530728 -0.01432455
-6.222886 -0.08695652 0.1017612 -0.07453784 -0.01888151
-7.913371 -0.0557037 0.1135091 -0.2210039 -0.03685253
-5.141127 -0.08607143 0.1265402 -0.04443286 -0.05515269
-6.893121 -0.1308725 0.1218603 -0.1094672 0.01815113
-6.942754 -0.12 0.09122492 -0.07632222 -0.008293274
-6.666167 -0.01916167 0.09745033 -0.181742 0.002936673
-7.162859 -0.03452991 0.1105518 -0.1221296 0.0168812
-6.733693 -0.1160221 0.1191951 -0.07324211 -0.03650527
-5.384351 -0.1088571 0.1217778 -0.0251134 -0.03186164
-5.894978 0.1166667 0.08146718 -0.1068258 0.006778864
-6.827661 -0.0876923 0.2523149 -0.07557503 -0.07960093
-4.66454 -0.0784 0.165438 -0.05362146 -0.02951442
-5.545865 -0.06666667 0.1110111 -0.1210978 0.008896267
-5.563219 -0.1895111 0.1916738 -0.117885 0.1003638
-5.094784 -0.01457143 0.4846542 0.03400687 0.09306094
-5.342028 -0.1375 0.09049776 -0.06299458 -0.02283755
-7.074419 -0.03508772 0.06702478 -0.1243687 0.01162697
-5.59613 -0.14 0.09314661 -0.08997288 0.05620621
-5.278966 -0.08208955 0.1070495 -0.1503685 0.01422194
-6.650756 -0.1076923 0.1235124 -0.07055595 -0.05031008
-5.890893 -0.1835583 0.110897 -0.1010684 -0.03770504
-6.1797 -0.05555556 0.1143568 -0.05948349 0.01234656
-5.957164 -0.05543478 0.1716408 -0.1930551 0.06823891
-5.922082 -0.096 0.07624949 -0.1479071 -0.01537786
-6.55319 -0.05017921 0.6174494 -0.1647877 0.009514395
-4.56317 -0.0298913 0.3597457 -0.1279544 0.04486519
-7.687098 -0.006024096 0.1291576 -0.1182864 -0.01624678
-8.376681 -0.0774359 0.3041437 -0.1156011 -0.09638751
-7.198794 -0.1025641 0.1306674 -0.1242867 -0.01434663
-6.500411 0.02461539 0.16504 -0.07183906 0.004989459
-7.582638 -0.09326425 0.245234 -0.096404 -0.007317527
-7.4633 -0.09375 0.6406716 -0.02753921 0.03826135
-4.306073 -0.04 0.0919988 -0.1199146 0.0288108
-5.24866 -0.1421277 0.3816518 -0.1243428 -0.04327545
-7.365507 -0.01571429 0.2813758 -0.1443727 -0.07263151
-4.768886 -0.1069182 0.7567842 -0.3621214 0.1858912
-4.648009 -0.1175 0.1388796 0.01106525 -0.05580459
-6.604089 -0.1228169 0.2736484 -0.2196874 0.08187798
-6.628611 0.0221514 1.354367 -0.05279063 0.03111849
-6.621436 -0.02268041 0.3496528 -0.02122864 -0.06051416
-5.845742 -0.009361703 0.1148818 -0.08008874 -0.02235977
-5.192573 -0.0673077 0.2198321 -0.8209703 -0.09059322
-5.361107 -0.05122807 0.2860469 -0.1014849 -0.03820354
-8.20233 -0.07763975 0.3909295 -0.2430998 -0.11721
-5.381343 -0.09294117 0.08168042 -0.106685 -0.006659287
-6.60211 -0.08380952 0.1013827 -0.114125 0.009754854
-7.675638 0 0.4900667 -0.157403 0.026613
-7.292178 -0.0625 0.577651 -0.219633 0.03469315
-7.172541 -0.01832512 0.1878404 -0.1506053 0.01131457
-6.409285 -0.09607843 0.1011307 -0.09476705 0.002599972
-5.315748 -0.0521978 0.02545319 -0.1120812 -0.04415566
-5.353004 -0.0679452 0.1396433 -0.1458843 0.00138165
-4.938824 -0.1537255 0.04388243 -0.04155863 -0.01336427
-6.167516 -0.1843575 0.5632873 -0.2253738 0.1118732
-5.832972 -0.05978261 0.1113642 -0.07251917 -0.07631741
-6.414205 -0.07746479 0.2612791 -0.09838874 -0.005371575
-6.338627 -0.1458333 0.07807979 -0.1078341 -0.03924515
-6.80491 -0.05806452 0.2525035 -0.1181624 0.1064843
-4.879359 -0.08796296 0.3913222 -0.09482135 0.1483912
-5.721924 0.0210084 0.1665032 -0.1604674 -0.03038366
-6.005189 -0.05050505 0.1051315 -0.1153415 0.05082146
-5.913585 -0.006578947 0.3711482 -0.1369113 0.04072633
-4.252886 -0.255814 0.1062689 -0.2204752 -0.05295558
-6.803169 -0.0372093 0.4015391 -0.2050516 0.04802432
-5.115626 -0.1372549 0.2171138 -0.1379513 -0.0375022
-5.132298 -0.1451613 0.6614302 -0.2500366 -0.03962094
-6.839233 -0.05102041 0.4379821 -0.03547749 0.02208936
-6.08034 -0.05660377 0.08562079 -0.1226219 -0.05031008
-6.627916 -0.05 0.5429149 -0.6303573 -0.04237358
-6.777577 -0.08088236 0.181836 -0.04178541 -0.08772505
-5.745448 -0.1016949 0.08908561 -0.1456678 -0.03088151
-5.483909 -0.1454545 0.561416 -0.1191898 0.2645047
-7.133091 -0.03448718 0.4161051 -0.3259757 0.04604061
-5.259187 -0.06802721 0.5352106 -0.7137075 -0.06168406
-5.022359 -0.01716738 0.09548897 -0.1041543 0.04559106
-6.258528 -0.1598246 0.2489304 -0.5523457 -0.161391
-6.355851 -0.01473684 0.5430382 -0.05814859 -0.01177625
-5.650847 -0.04411765 0.4465778 -0.05076965 0.03696356
-4.902686 -0.03529412 0.2282841 -0.03434075 -0.01751787
-4.428194 0 0.2799669 -0.08840709 -0.0531188
-6.825769 -0.5929204 0.5044826 -0.2447732 0.04334071
-5.291544 -0.06422018 0.6220368 -0.2132911 -0.1081918
-5.879571 0.1436782 0.2825054 -0.03454721 0.1889037
-7.682851 -0.1315436 0.2413177 -0.1821648 -0.0863442
-7.487151 -0.02307692 0.0666061 -0.03438657 0.02863729
-5.551942 0.1030928 0.07089474 -0.02865189 -0.07888151
-4.161614 -0.05292308 0.3421838 -0.01806081 -0.0303521
-5.6206 -0.01108434 0.5952142 -0.01526853 -0.05549441
-6.961975 -0.01724138 0.5972081 -0.1362322 0.1453558
-5.52609 0.025 0.3177359 0.06889831 0.1185544
-7.035706 -0.05462185 0.6156635 -0.4297274 0.01187546
-6.313762 -0.05561497 0.2032227 -0.1002201 0.01086208
-6.945804 0.03240741 0.3641092 -0.1329137 -0.04108247
-6.805936 0.01016949 0.4049417 -0.1653492 0.03783082
-5.633798 0.009467455 0.1482921 -0.2291952 0.08819166
-7.707252 0.05361702 0.3732383 -0.1342171 0.04148048
-4.359014 0.08045977 0.6873156 -0.04703271 0.006118487
-7.77152 -0.05652174 0.1866716 -0.296336 0.01535717
-8.39385 0.05205674 0.7755767 -0.2623574 0.04187321
-7.477038 -0.03809524 0.1847764 -0.1188449 -0.01466132
-6.554326 -0.02976191 0.4893827 -0.1140414 -0.01981718
-6.643321 -0.0675 0.4518631 -0.1077951 0.01520133
-6.046052 0.1805244 0.4428862 -0.1638332 0.09519257
-6.388477 -0.06951871 0.7575812 -0.1816406 0.08641849
-7.279295 -0.07482993 0.1544009 -0.09384081 -0.006729609
-8.311874 -0.03266932 0.2319355 -0.1748282 0.0762366
-7.312166 -0.08993103 0.03883002 -0.07846434 -0.06221485
-4.469372 -0.02020202 0.4114702 0.002560837 -0.07789141
-4.896124 -0.1354167 0.104942 -0.07349402 -0.05741362
-5.707032 -0.06603774 0.3896469 -0.1244383 -0.02843106
-4.897069 0.05809524 0.2537566 -0.01980321 0.08522106
-5.693691 -0.02580645 0.4438856 -0.04074502 -0.01113957
-5.15296 -0.15625 1.128607 -0.06181205 -0.1410437
-5.905994 -0.05785124 0.304823 -0.07826845 0.01721224
-7.402992 -0.1122449 0.5991893 -0.1734608 0.007357023
-7.071359 -0.05358166 0.04806157 -0.03143959 -0.007530895
-7.16777 -0.06396826 0.2521945 -0.1428715 -0.08414467
-5.604006 -0.01408451 0.1864175 -0.03917392 0.06278516
-6.617366 -0.1628015 0.1908235 -0.1295205 -0.02972897
-4.853254 -0.1159799 0.03561261 -0.1559527 0.03487996
-7.471896 -0.03314917 0.6866072 -0.1185236 -0.0006206405
-4.334099 -0.1807229 0.1906974 0.02490799 0.02111849
-5.69875 -0.02019672 0.5024018 -0.07192708 -0.02418895
-4.263739 -0.08139535 0.326512 -0.08542031 0.03617226
-5.254969 -0.05042017 0.523944 0.1148442 0.08511849
-5.489313 -0.02542373 0.4385141 -0.231842 0.02111849
-7.505937 0.003921568 0.5358064 -0.1201121 0.02854423
-6.883946 -0.03459119 0.2011529 -0.05978998 0.03631606
-5.842972 -0.1730769 0.0147588 -0.08111385 -0.02806184
-5.153108 -0.09638554 0.3053801 -0.1664139 0.07606355
-7.372881 -0.05553264 0.5445606 -0.1331947 0.02767587
-4.283781 -0.04608 0.6373557 0.02793277 0.08313399
-5.233566 -0.1051502 0.03740655 -0.04837286 0.02173985
-4.273848 -0.0664311 0.2264403 0.0530156 -0.1026273
-5.273799 -0.06122449 0.1577635 0.008374425 -0.0009968925
-5.66501 -0.09982456 0.5124643 -0.2196712 -0.05518673
-5.125079 0.01428571 0.5702635 -0.1053381 0.03561124
-5.060996 -0.1067961 0.1286303 -0.06553371 -0.04028502
-4.766545 -0.06666667 0.2599894 -0.09897185 0.1350425
-5.969055 0 0.1493639 -0.1339813 -0.003881509
-4.215188 -0.2556863 0.2941678 -0.193151 -0.06549569
-6.027592 -0.03371601 0.3521661 -0.04360549 0.03405965
-4.167332 -0.1969697 0.3174676 -0.08284911 0.06890311
-7.571536 0.01716738 0.2166732 -0.08281012 -0.06237496
-5.160167 -0.07586207 0.3346304 -0.004918644 0.02111849
-4.879092 -0.08333334 0.5855085 -0.04246067 0.01342618
-6.450526 0.02179104 0.2078647 -0.06850738 -0.07503536
-5.053599 0.007518797 0.4685195 -0.1397416 -0.08115424
-6.747704 -0.005 0.5915902 -0.1375512 -0.05638151
-6.992884 -0.025 0.6007391 -0.2863276 0.07965508
-5.407746 0 0.5863704 -0.06254649 0.09056294
-5.190875 0.03125 0.1225616 -0.1064963 -0.04855893
-5.464532 -0.01381579 0.4243491 -0.1481145 0.404725
-5.616992 -0.04779412 0.1407976 -0.2078282 -0.08063589
-4.351774 0.04115942 0.6812915 0.02425679 -0.1880652
-4.74667 0.08571429 0.4661364 -0.1816806 -0.01825651
-8.531922 0.09562842 0.7133077 -0.2070142 -0.01972743
-6.122758 -0.1314433 0.5367534 -0.132509 -0.01806146
-7.737892 -0.04970179 0.4261311 -0.09009755 0.03914879
-5.161235 -0.1176471 0.03472544 -0.1354271 -0.05966812
-4.567663 0.05660377 0.01452659 -0.05969778 -0.2788815
-4.536632 0.06632653 1.178063 -0.08874714 0.03204745
-4.992695 -0.07086615 0.7597203 -0.07808302 0.103208
-7.261543 -0.1253133 0.2455781 -0.02367904 -0.04346948
-7.562007 -0.05497076 0.08860426 -0.1176003 -0.04138151
-8.110493 0.01226994 0.7424341 -0.1145771 0.04643495
-6.926182 -0.1086957 0.08577718 -0.1681104 0.03419039
-4.49956 0.02504505 0.09575898 -0.40379 -0.002137323
-7.893448 -0.01980831 0.557786 -0.2218312 -0.02290667
-5.026033 0.1679389 0.1530124 -0.145296 -0.04310169
-6.94967 0.07006369 0.3725666 -0.2094834 0.05741986
-7.18018 -0.07330827 0.3696125 -0.2066271 -0.1126843
-7.134706 -0.04494382 0.4745602 -0.02862663 0.05337655
-4.180377 0.09259259 0.6097397 0.0965806 0.01091441
-5.03016 -0.07594936 0.1166842 -0.102478 0.003471431
-4.776768 -0.02898551 0.3252059 -0.09787152 0.1139756
-7.712197 -0.1055276 0.4175589 -0.1851007 -0.09160878
-7.08799 -0.04224562 0.7956218 -0.1550965 -0.06051416
-5.72649 -0.06958678 0.2154046 -0.2373826 0.04057374
-6.529121 0 0.2892891 -0.2387969 -0.04322934
-4.721035 -0.015 0.3780076 -0.009688657 0.1639756
-6.522142 -0.1975524 0.4475898 -0.03653816 -0.04457494
-5.389356 -0.01923077 0.3878543 -0.2929831 -0.0826551
-4.158789 -0.2327044 0.03473873 -0.07237854 -0.004391714
-6.318791 -0.01113586 0.2637794 -0.09489616 -0.005313228
-5.291636 -0.05882353 0.3125896 -0.2074533 -0.07948757
-6.82832 0.01466667 0.1569743 -0.1280412 -0.006092393
-5.510743 -0.1875132 0.2610749 -0.2578203 -0.0551147
-4.557308 -0.2716049 0.2765214 -0.1455437 -0.08567763
-4.435283 0.01395349 0.0332944 -0.09397239 0.1239487
-4.998495 0.06040268 0.8814527 -0.2534051 0.06397563
-4.841935 -0.1130435 0.6528832 -0.1235424 0.1313547
-4.255591 -0.04032258 0.63746 -0.2613672 0.005614615
-6.344552 -0.08196721 0.5472609 -0.1034453 0.121573
-4.633196 -0.04724409 0.3630557 -0.1581392 -0.03151309
-4.166146 0.006097561 0.5606545 -0.3885126 -0.04636617
-6.860518 0.04248366 0.5134184 -0.09436939 0.02862702
-4.882785 0.0105042 0.494764 -0.2651528 -0.07442291
-6.972902 -0.1115094 0.5477057 -0.06968023 0.02111849
-4.975681 -0.1291667 0.03990894 -0.2267523 0.01737317
-5.64992 0 0.4126697 -0.03002098 0.009118491
-4.337928 0.07432432 0.3757745 0.02302629 -0.1029691
-4.527681 -0.03076923 0.1266228 -0.1322505 0.101417
-4.914684 0.05172414 0.1179424 0.008274959 -0.05142513
-4.648021 0.08900524 0.241346 -0.1392188 -0.09957116
-5.089993 -0.0516129 0.1460774 0.05595655 0.08565837
-4.506475 0.09367521 0.5780498 -0.0388543 0.1163566
-6.067401 0.08333334 0.2398803 -0.4940736 -0.03342696
-4.729008 -0.09832133 0.4397686 -0.06278182 0.09535429
-5.315768 -0.03793103 0.6402926 -0.09664999 0.02111849
-8.151306 -0.15625 0.1063794 -0.4838708 -0.05996259
-4.300469 -0.09022556 0.3953584 -0.02493956 0.0281115
-4.398041 -0.07042254 0.1710312 -0.2942477 -0.03151309
-5.50874 -0.05494505 0.4189546 -0.04760596 0.09445182
-5.298898 0 0.8326458 -0.06083452 0.01140975
-4.573254 0.06756756 0.5508498 0.001751681 -0.08786702
-5.646854 -0.08739884 0.1040084 -0.2519105 -0.03352632
-5.4535 -0.03409091 0.2935572 -0.3239793 -0.06129909
-5.308504 0.04310345 0.05035438 -0.05672383 0.09769507
-4.485064 -0.1426471 1.093105 -0.09929497 0.04072633
-4.843151 0.09701493 0.580477 -0.1774197 0.1450854
-5.693194 0.06 0.4153555 -0.1757507 -0.03979337
-7.160454 -0.01492537 0.2654981 -0.04852689 -0.03402857
-4.836778 -0.03092784 0.2935714 -0.02247162 -0.04088151
-4.781268 0.03191489 1.009242 -0.5157778 0.01012948
-6.448516 0.111588 0.3590025 -0.2294318 -0.2011037
-6.906115 -0.02478689 0.2660171 -0.2086819 -0.03657382
-4.967676 0.05769231 0.03687848 -0.4730124 0.05683278
-4.51238 0.04444445 0.2556079 -0.3472585 0.02111849
-5.095705 -0.07936508 0.6232798 -0.1068876 0.09464791
-5.261228 -0.1208054 0.4948781 -0.1023609 0.08794484
-6.7548 -0.0875 0.2642096 -0.2259938 -0.1627896
-7.560514 -0.06629834 0.03293519 -0.1654207 -0.06437374
-4.473565 -0.1266667 0.04299482 -0.01334313 -0.05864483
-4.832692 0.02325581 0.05765816 -0.01908745 0.02111849
-6.107032 -0.05681818 0.4348245 -0.0297568 0.03294645
-4.919901 -0.02197802 0.2890834 -0.1137375 -0.1186665
-4.277971 0.08130081 0.04621749 -1.228928 -0.0850762
-5.639658 -0.05928854 0.4244542 -0.8921992 -0.09828449
-5.85628 -0.1813675 0.3622264 -0.2109616 -0.004336054
-4.312496 0.1164384 0.1866293 -0.2430833 -0.002137323
-7.025204 -0.0025 0.3316126 -0.1061522 0.01267967
-5.530744 -0.01016949 0.5597658 -0.06886304 -0.06277413
-6.844985 0.02922078 0.3473267 -0.133511 0.01108505
-5.023522 -0.04504504 0.2541877 -0.08178614 0.04698056
-7.02101 -0.008733625 0.4491457 -0.9469946 -0.1033837
-5.031489 0.055 0.8750522 -0.1382673 0.1692666
-4.453207 0.002619048 0.3145073 -0.1365257 -0.02924122
-7.013851 -0.1564114 0.1212999 -0.1094858 0.0001261235
-4.539943 -0.3082192 0.4497696 -0.3525207 0.1134745
-4.62 -0.0052 0.3302241 -0.1160043 0.03321526
-5.020166 -0.3815029 0.7321041 -0.7991894 0.04036535
-4.846154 -0.04166667 0.03347858 -0.1558929 -0.00138151
-4.269138 0 1.623238 -0.020785 0.05445183
-5.573489 -0.1055844 0.2889565 -0.2571412 -0.08476386
-4.422597 0.1140351 0.3123253 -0.1962555 -0.08383201
-6.047887 -0.1509434 0.4336898 -0.1805636 0.0025939
-6.126267 0.05664234 0.354129 -0.5604976 0.02111849
-7.786675 -0.03030303 0.5675591 -0.1759309 -0.01319524
-5.907685 0.01304348 0.199755 -0.1105672 -0.04231763
-4.605684 -0.08482143 0.04291919 -0.002022949 0.03785489
-5.102916 -0.1213592 0.04921107 -0.0757722 0.05159468
-6.083091 -0.05668016 0.6633517 -0.3812824 -0.0210271
-5.54894 0 0.9258999 -0.07186266 -0.02021484
-4.276029 0 0.3537584 -0.1667496 0.008288303
-4.420338 0.01376147 0.04244464 -0.02842221 0.06111849
-4.204892 -0.0720339 0.03439789 -0.3371949 0.05669161
-7.892879 -0.1443243 0.3739355 -0.1227596 -0.06241373
-4.407987 -0.09090909 0.7004802 -0.1888036 -0.004639084
-5.552979 -0.03286385 0.5836735 -0.1339328 0.01043667
-5.487304 -0.05468085 0.8118047 -0.096703 0.0262467
-4.945734 -0.107451 0.03812488 -0.1243985 -0.07411961
-4.67859 -0.032 0.04569539 -0.08969729 -0.02229236
-5.012049 -0.1109025 0.04048113 -0.03679276 -0.02508613
-4.758513 0.005524862 0.04355109 -0.1211668 -0.06332596
-6.210714 -0.05884058 0.2880589 -0.1261629 -0.01336427
-4.813708 -0.01860465 0.04154636 -0.08703302 0.03847009
-4.872393 -0.03960396 0.5519375 -0.1048755 0.0474042
-5.488585 -0.04926108 0.03204391 -0.2504433 -0.0248909
-5.709694 -0.01933884 0.8994029 -0.120267 0.004791961
-5.48922 -0.01892745 0.04797288 -0.04998463 0.08613397
-5.088207 0.02105263 0.0432515 -0.07690062 -0.06734029
-5.370126 -0.125641 0.5403543 -0.08724228 0.03261274
-5.092344 -0.08433121 0.04664862 -0.05045446 0.1550471
-5.291387 -0.1082089 0.03824224 -0.1386074 -0.1194876
-7.45266 -0.1073563 0.2966522 -0.08410189 0.08394571
-7.129103 0.1089878 0.4481744 -0.09821226 -0.02433606
-5.165457 -0.04545455 0.0462056 -0.2510281 -0.08224068
-4.977595 -0.03349282 0.7868459 -0.1169108 -0.03443707
-4.270983 -0.01403973 0.2334917 -0.1964349 -0.03480256
-4.973358 -0.07342857 0.421611 -0.1155912 -0.08626406
-4.483567 -0.07012048 1.006566 -0.05985326 0.02683278
-5.382065 -0.2083333 0.03624077 -0.1446457 -0.109916
-5.060239 -0.04081633 1.012873 -0.08253254 0.02765444
-5.797719 -0.01257862 0.1449122 -0.06803689 0.01490731
-5.298836 -0.1768868 0.1778062 -0.2099499 -0.1073664
-5.65275 0.01447369 0.2870879 -0.1357771 0.09494399
-5.432131 -0.1020408 0.1534557 -0.339006 0.02111849
-4.993588 0.08267716 0.1067821 -0.4292643 -0.00918454
-4.713168 0.06280194 0.6585079 -0.06123804 0.05720096
-4.266237 -0.01436464 0.29341 -0.08325051 -0.01184854
-6.641028 -0.1253919 0.167534 -1.088287 0.01393865
-4.337813 -0.0818792 0.5841538 -0.1148235 -0.08513151
-6.697916 -0.03962264 0.2436252 -0.1680428 0.02570565
-4.382776 -0.05263158 0.1023269 -0.05457695 -0.02888151
-6.620054 -0.05992509 0.1701423 -0.08822365 -0.1802949
-6.657964 -0.1377953 0.6076986 -0.07443089 -0.02386421
-5.478671 -0.1205418 0.6549882 -0.1282987 -0.01329446
-5.464166 -0.02 0.3111775 -0.1082095 -0.01025406
-5.247655 -0.300813 0.2159152 0.0831026 -0.06638151
-8.152557 -0.02954545 0.3365399 -0.1347664 -0.009786586
-6.090486 -0.04109589 0.6765443 -0.1586826 0.0470834
-4.280513 0.04166667 0.3480574 -0.003423012 0.02836487
-5.243888 -0.192053 0.1088574 -0.08289494 -0.01221484
-6.626707 -0.07139073 0.3341436 -0.1412578 -0.03807154
-6.51918 -0.09424084 0.03531813 -0.1479042 -0.0697906
-6.220125 0.01123596 0.0974839 -0.09055354 0.02111849
-4.571936 -0.06069652 0.3794245 -0.3060519 -0.02054818
-5.182176 -0.02419355 0.3052113 -0.08292875 -0.03431459
-4.671133 0.05803571 0.6430506 -0.03305853 0.05429385
-6.677156 0.05512821 0.2328347 -0.08549293 -0.01629647
-4.187531 -0.02630136 0.07985893 0.6559734 0.034632
-7.266725 0 0.4344327 -0.1141307 -0.06005034
-6.406504 -0.1007752 0.1414365 -0.02051913 0.02252694
-5.694272 0.01591398 0.645141 -0.09607964 -0.1876727
-7.411049 -0.06643274 0.1799582 -0.08247673 -0.00681447
-5.089308 -0.09525581 0.03476264 -0.005877115 0.0297765
-5.039191 -0.1409639 0.4372213 0.003862301 -0.02700985
-4.512022 -0.1363043 0.4964396 -0.05182646 -0.007867017
-6.88161 -0.05482518 0.6300795 -0.1723205 -0.06554818
-5.252369 -0.1824817 0.2899042 -0.08475997 -0.1578938
-4.363441 0.05240175 0.5085822 -0.1314216 0.1893213
-6.169246 -0.125641 0.3698798 -0.1449186 0.044107
-6.50647 -0.06818182 0.5175685 -0.1610683 0.08265695
-6.943222 0.02604027 0.1640335 -0.08552688 -0.02817729
-5.190303 -0.002739726 0.3542153 -0.01040959 0.0302928
-5.765769 0.02531646 0.5271879 -0.08986924 0.04293667
-6.105008 0.05681818 0.1645779 -0.2322684 -0.03623091
-5.14282 -0.3174603 0.6181695 -0.005053653 0.08858837
-4.898709 -0.01048218 0.0488007 -0.1179477 0.04601476
-4.272909 0.04761905 0.2079324 -0.04820552 -0.06221485
-5.796632 0.01986929 0.7410312 -0.1963489 0.0008482215
-6.877634 -0.06703911 0.5180708 -0.1436137 0.02687765
-6.83456 -0.03930131 0.1722675 -0.3139955 -0.03148655
-5.804936 -0.0126183 0.2567198 -0.5102605 -0.1128379
-4.883472 -0.08633093 0.6380756 -0.02195479 -0.005727147
-4.868446 0.25 0.1832352 -0.145432 0.02111849
-7.755818 -0.08192091 0.2864543 -0.4085346 0.08918132
-8.290708 -0.1792453 0.2580929 -0.05508057 -0.05088151
-5.6126 -0.01570681 0.4675058 -0.04462307 0.0324587
-7.40607 0.02970149 0.5584054 0.001436093 -0.009769539
-6.5522 -0.1089109 1.073643 -0.1367833 -0.02066722
-6.949856 -0.09803922 0.5548931 -0.1249894 0.003261347
-5.064457 -0.0009756096 0.5887423 -0.1187119 0.035203
-5.065652 0.1666667 0.2237971 -0.08737379 0.1263817
-6.785628 0.01069307 0.8302396 -0.1143093 0.005966975
-5.282432 0.1864407 0.5325773 -0.4585236 0.1617435
-5.425831 -0.05792 0.1081771 -0.1420456 -0.002319009
-6.632595 -0.01840491 0.5367631 -0.06743089 -0.02707428
-5.836815 -0.2296296 0.1930254 -0.08272477 -0.03309838
-6.01369 -0.01999999 0.6229151 -0.1087184 0.004725049
-4.764166 -0.06914893 0.5765813 -0.2586645 0.1156459
-5.253755 -0.06190476 0.3702897 -0.1736661 0.009882536
-7.578148 -0.01140684 1.031245 -0.1112281 -0.05580459
-5.977161 0.01081081 0.5312259 -0.02675271 0.05445183
-7.589158 -0.1684211 0.4490116 -0.119278 -0.05441021
-5.109323 -0.04655172 0.7250172 -0.07148479 -0.02846829
-6.164758 -0.06976744 0.8672021 -0.1218405 -0.07257716
-7.462178 -0.07425587 0.4436642 -0.2509952 -0.08182269
-5.240047 0.00456621 0.3319488 -0.1011557 -0.006404445
-5.492086 0.03797468 0.2142394 -0.07399739 0.1211185
-5.533931 -0.2357724 0.1525153 -0.7269471 -0.07098677
-5.304818 0.006 0.8286424 -0.09468611 0.1890017
-6.080869 -0.05298013 0.2361678 -0.1367611 -0.05460479
-6.916687 0.003496503 0.4998624 -0.1963698 0.03348691
-5.811635 -0.03191489 0.1724832 -0.201119 -0.06547945
-4.301494 -0.1375701 0.5213404 -0.1462346 -0.05326168
-4.919417 -0.06692913 0.4151879 -0.4084784 0.05801886
-6.150603 -0.03859649 0.2568354 -0.05476879 0.1042741
-4.514663 -0.04631579 0.1993716 -0.1620151 -0.02972897
-5.650659 0.04195804 0.4280725 -0.01378909 0.07297034
-4.238925 -0.1347305 0.03693809 -0.06091447 -0.0364013
-5.098646 0.01086956 0.08477854 -0.1746806 -0.01734305
-6.98816 -0.09 0.7614019 -0.1229372 -0.04832596
-5.229449 -0.1292147 0.113774 -0.1453848 -0.02650056
-4.931508 -0.0496732 0.2745071 -0.02575031 -0.02919597
-5.909275 0.0591133 0.4450597 -0.4876145 0.0472965
-6.37235 -0.2174359 0.3887054 -0.1501685 -0.005477254
-4.632686 -0.1620553 0.4180708 -0.05891199 0.08574434
-4.532499 0 0.5186532 0.209721 -0.07411961
-4.756895 0.01158301 0.6102581 -0.3122776 0.107056
-5.370871 0.03409091 0.4074828 0.01912827 0.09758908
-5.317013 -0.01085714 0.1456365 -0.0579472 0.050104
-4.932587 -0.06542056 0.6325924 -0.03977074 -0.07537273
-8.129563 0.01384083 0.2436465 -0.2765165 0.005258842
-5.009739 0.03070176 0.4215499 -0.2321972 0.04374293
-4.224671 -0.01992032 0.04233684 -0.07672577 -0.01013151
-6.313575 -0.03580952 0.7806796 -0.1982625 -0.085363
-7.51184 -0.02752294 0.02524561 -0.1633393 -0.01682794
-4.408382 -0.1455399 0.1267729 -0.1229013 -0.04281593
-4.605033 -0.033125 0.2471582 -0.09641913 0.01342618
-6.292144 -0.1020408 0.4147106 -0.01917221 -0.003572867
-5.596578 0.07489362 0.6538572 -0.02849709 0.1373976
-5.230105 0.04385965 0.2390664 0.1795675 0.07616436
-4.459381 -0.06590909 0.2950221 -0.165791 -0.08214238
-6.859264 -0.09160306 0.2391429 -0.1486754 -0.007552837
-5.809973 -0.06959707 0.8080819 -0.1429552 0.05536507
-6.321898 -0.000164975 0.2479572 -0.1332507 -0.03179156
-5.369921 -0.08409449 0.7722517 -0.1370601 0.04317731
-4.50349 0.01851852 0.2183644 -0.1894051 0.01482918
-4.248845 0.01724138 0.2118592 -0.2834436 -0.08239028
-6.412186 -0.124183 0.6808284 -0.2125807 -0.06027686
-5.679113 -0.1298701 0.3175092 -0.276913 -0.04175507
-4.69934 0.1013514 0.5805801 -0.2137455 -0.129859
-5.553695 0.1565217 0.3253821 -0.2283602 -0.1335207
-5.14151 0.05570371 0.5873129 -0.0898406 -0.01825159
-5.325686 -0.01376623 0.5379127 -0.254345 -0.0240428
-4.750328 0.03469388 0.8114434 -0.0374468 0.10714
-4.766147 0.01875 0.447524 -0.08070365 0.008046595
-5.746382 -0.0720339 0.2221886 -0.1660561 -0.0470238
-5.816104 0.02843602 0.3619873 0.03986218 -0.009125412
-6.194284 -0.07978723 0.3251999 -0.05650842 -0.03799481
-4.210025 0.203125 0.1312293 0.07786061 0.06033418
-5.206361 -0.09473684 0.0936807 -0.1347164 0.007656951
-4.414155 -0.06293707 0.2668588 -0.08027821 0.185329
-4.530511 -0.1951219 0.3956938 -0.04561547 -0.04520804
-4.387869 0.06755555 0.5537218 -0.006653839 -0.07488151
-5.320228 -0.08445378 0.5501252 -0.1202492 0.003574631
-5.226832 -0.05751634 0.1138158 -0.07673672 0.00201021
-6.848516 -0.08759124 0.1065253 -0.1288546 0.009843322
-6.890135 -0.1058675 0.1381661 -0.08264729 0.1331875
-4.651252 -0.04131868 0.5402985 -0.1005214 -0.0107964
-5.066997 -0.1506849 0.03849851 -0.1031634 -0.1020561
-5.897078 -0.07894737 0.3581931 -0.5849963 0.01916727
-4.257037 0.09799486 0.7654285 -0.9430063 -0.1283068
-7.989197 0.06393442 0.3281599 -0.2303236 -0.008653839
-5.322625 -0.001858736 0.353448 -0.09222788 0.09161942
-4.808461 -0.04621849 0.1125415 -0.2815787 0.04136141
-5.713423 0.07692308 0.05445544 -0.0402914 -0.08182269
-4.736692 0.02875 0.3566358 -0.2056449 0.02111849
-5.37728 -0.01336898 0.5315352 -0.2132189 0.02586783
-5.757717 0.08189655 0.4434666 0.008784939 0.02581333
-5.911764 -0.1712707 0.3588167 -0.08524209 -0.02840981
-6.10301 -0.04615385 0.5113183 -0.08650211 0.06170672
-4.954867 -0.1778947 0.5168318 -0.1964826 0.2561415
-7.908504 0.03571429 0.3047941 -0.1159358 -0.01036299
-4.528208 0.04146342 0.5434621 -0.1522938 0.002936673
-5.007876 0.1049724 0.6730294 -0.1497716 0.07297034
-4.450847 -0.1513568 0.4957457 -0.1313479 0.1219957
-5.827309 -0.01204819 0.5945215 -0.06844898 0.005642301
-4.448633 0.1637255 0.5640673 -0.1595502 -0.03667563
-6.842014 -0.1537815 0.2452748 -0.5234491 -0.08220254
-5.176082 0.004260355 0.9459143 -0.4141322 -0.02650056
-6.906479 -0.1822222 0.4600445 -0.2250028 -0.02888151
-4.516913 0.004020101 0.3879955 -0.01413587 0.02111849
-6.451907 -0.1730205 0.05314411 0.004548332 -0.004070426
-4.176842 -0.06010929 0.3845319 -0.007684154 0.01699478
-4.625622 -0.06112 0.03390308 -0.04885973 0.1980416
-8.517196 0.06480305 0.4193226 -0.3583212 -0.03866412
-4.667441 -0.08660436 0.04370525 -0.1101086 0.0327464
-4.825764 0.1173184 0.3747239 -0.03590947 -0.04217265
-5.39577 0.01470588 0.3090982 0.06099048 -0.03002579
-6.067523 -0.1031008 0.5110586 -0.2510785 0.05645418
-4.823639 0.04597701 0.2093973 -0.07734748 -0.009001992
-6.565761 -0.0935294 0.09244541 -0.1206037 0.03500738
-5.769753 0.01611374 0.4930442 -0.2462292 0.006412609
-4.543516 0.08135593 0.5219593 -0.2238139 -0.003572867
-4.298377 -0.2134146 0.6557237 -0.292884 0.01267628
-7.052697 0.02242152 0.3595445 -0.1520924 0.05781574
-4.513071 -0.1042253 0.2540543 -0.03873342 -0.08144561
-5.605646 0.09028571 0.3183517 0.3998571 -0.0674891
-5.310029 -0.04761905 0.5789882 -0.1145311 0.1743653
-4.336637 -0.05868263 0.758977 -0.02116189 -0.03001787
-4.346824 -0.06818182 0.08686099 -0.1118191 -0.0107964
-5.456543 -0.1516484 0.5614194 -0.009546485 0.08842619
-6.835002 0.03913043 0.6943445 -0.273833 -0.06539735
-5.602469 -0.08910891 1.105282 -0.07302702 0.1011185
-4.94488 -0.1884058 0.4500506 -0.2187833 -0.05295558
-4.188988 -0.02325581 0.5068411 -0.1284672 -0.08115424
-4.286176 -0.024 0.5194933 -0.02619531 -0.01794401
-5.30992 0.01123596 0.4435099 0.02952049 0.08930031
-6.383901 0.046875 0.3877696 -0.1992255 -0.100193
-4.263375 0.1 0.3904887 -0.08931575 0.1766741
-4.365811 -0.09302325 0.2899292 -0.6983649 0.04239509
-4.171722 -0.1808696 0.3234554 -0.2626666 0.1507481
-6.503639 -0.01351724 0.6890261 -0.1051674 0.09646096
-4.286214 0.008866995 0.7300897 -0.06064308 -0.02938656
-5.228974 -0.1702128 0.1592072 -0.09591674 -0.08797242
-7.355658 -0.05084746 0.1645359 -0.2198 -0.1025374
-5.789834 0.07216494 0.325986 -0.04778367 -0.01221484
-4.580264 -0.032 0.5519507 -0.04103779 0.07987814
-5.890311 0.01907407 0.5189133 -0.1423797 0.03547256
-5.183629 0.09322034 0.6148776 -0.2728631 0.1052306
-4.947589 0.06090909 0.7666667 -0.1064965 0.1186795
-4.741971 -0.005154639 0.3637795 -0.209543 0.05086208
-4.42448 -0.1269841 0.3688513 -0.07248097 0.0464706
-6.580677 -0.05027933 0.189484 -0.4364869 -0.005477254
-4.460214 -0.06478874 0.7583343 -0.1241168 -0.03969232
-6.697746 -0.04707692 0.2690113 -0.3393277 -0.008293274
-4.991558 -0.1575758 0.5235224 -0.105693 -0.03019041
-7.36109 -0.111441 0.4989838 -0.06079902 0.06080103
-6.441453 0.0437247 0.5309397 -0.3692309 -0.06362727
-5.22789 -0.1142857 0.05204717 -0.0001008532 -0.05082396
-7.190537 -0.01408451 0.1648493 -1.000617 -0.06221485
-7.007245 -0.06956521 0.4594671 -0.3976793 -0.04265702
-6.278409 -0.1145833 0.102885 -0.1239558 -0.01177871
-5.27134 0.0742029 0.5440215 -0.2888801 -0.08359355
-5.486759 -0.05025126 0.5849431 -0.1114848 -0.02577146
-4.539391 -0.1447368 0.4340095 -0.5604408 -0.120644
-5.011628 -0.01923077 0.39934 -0.1213847 -0.02416453
-5.28803 -0.1347826 0.1782773 -0.1236019 0.0502447
-4.998613 -0.07142857 0.09933468 -0.191096 0.01000738
-4.898884 0.07514451 0.7035662 -0.2847433 -0.01638151
-6.652406 -0.07211538 0.24296 -0.3173563 -0.06139272
-5.038056 -0.125 0.658207 -0.1003141 0.1530629
-5.081404 -0.02678572 0.4301655 -0.02187023 -0.07418586
-4.584381 -0.01886793 0.4641809 0.01624126 0.05815553
-7.451678 0.04178273 0.2016051 -0.1281712 0.06472314
-4.902627 -0.6086956 0.2744419 -0.09471609 0.05355092
-4.398072 -0.00990099 0.4919841 -0.0113337 0.1630793
-6.563292 -0.1171875 0.4016319 -0.09228557 0.09804157
-5.374229 -0.03076923 0.2828496 -0.1056588 0.02111849
-5.255218 0.01034483 0.7256442 0.003377188 0.02996805
-5.560745 0.0217971 0.3645709 -0.1059006 -0.1331842
-5.542643 -0.03488372 0.7573447 -0.1119506 0.03235445
-6.244332 0.01989529 0.04878343 -0.1039746 0.02111849
-6.678226 0.01621373 0.1742973 -0.3025544 -0.05320583
-7.251388 -0.1063415 0.01650797 -0.09675098 -0.02843106
-6.835394 -0.107438 0.8294896 -0.1023839 -0.03753822
-7.614842 0.01595745 0.1388389 -0.1089799 -0.05538424
-6.770326 -0.01753425 0.3471703 -0.2077865 -0.07842902
-6.818662 -0.02941176 0.1834618 -0.1168392 0.04826135
-6.68638 0.06406685 0.327712 -0.237143 -0.04566723
-5.015406 -0.08270042 0.3903811 -0.0888304 -0.01431458
-4.259841 -0.1162791 0.3424346 -0.104871 -0.01046046
-4.73071 -0.1428571 0.2505701 -0.04400644 0.1411185
-6.146747 -0.007113164 0.02623732 -0.07979596 -0.02771872
-8.239781 -0.1023392 0.01582552 -0.1678405 -0.03288682
-4.211172 0.05035971 0.4126173 -0.1030794 0.02263364
-5.729611 -0.008 0.5134195 -0.3695797 -0.01856405
-4.806905 -0.0535 0.3605111 0.065875 0.1897932
-6.12315 -0.03174603 0.6904433 -0.143626 -0.09811228
-5.550862 -0.07894737 0.2930929 -0.5738213 -0.09351566
-6.789671 0.01470588 0.1806866 -0.1269613 0.02634237
-4.959405 0.08027211 0.1908314 -0.09495712 -0.05350837
-8.081629 -0.04455446 0.02962064 -0.07730325 -0.006748808
-5.099104 0.01201717 0.03321274 -0.1576106 0.0693641
-5.290877 0.04126984 0.3888199 -0.3005771 -0.05110373
-4.264762 -0.0821256 0.3498797 -0.001514127 0.04343992
-5.082074 -0.04926108 0.03790638 -0.0680287 0.0492875
-5.111604 -0.1025263 0.4236027 -0.1487088 0.02594941
-7.639888 -0.0129199 0.0209029 -0.1216315 -0.08347335
-5.039239 0.02356902 0.6943988 -0.0193659 -0.02715737
-5.355982 -0.01099477 1.297162 -0.157807 -0.04658985
-5.330494 -0.02222222 0.1026645 -0.2456493 0.06459675
-6.123068 -0.1192771 0.03466294 -0.2141755 -0.02425356
-6.125886 -0.01522843 0.2211232 -0.1163511 -0.07188151
-6.026593 -0.1458823 0.1476534 -0.1426403 0.08318746
-4.256973 -0.4938235 0.5704951 0.05363975 0.03930031
-5.189169 -0.04 0.4409671 -0.1488898 0.08160236
-6.568801 -0.125 0.01926379 -0.02921594 0.04675952
-5.171762 -0.216 0.7389269 -0.3074381 -0.07361835
-4.464252 -0.03858823 0.4508254 -0.3555157 -0.0697906
-5.477782 -0.08865384 0.157655 -0.08990705 0.03469315
-4.797652 -0.06756756 0.6822561 -0.1721376 0.2021312
-4.628407 -0.1098901 0.1299493 -0.2777184 0.1023066
-5.1547 -0.02419355 0.8330399 -0.05681074 -0.03053506
-5.193478 -0.03669725 0.0626458 -0.04394001 0.06926008
-5.361063 -0.06153846 0.7782996 -0.01779204 0.01764023
-4.406125 0.03418182 0.5385782 -0.302089 -0.09208906
-6.747531 0.004474273 0.0267582 -0.0487451 0.0181522
-5.262698 -0.06625954 0.4575904 -0.168785 -0.1803203
-7.604243 0.01623377 0.4611666 -0.1439703 -0.013733
-5.575619 -0.05789474 0.1462939 -0.596134 0.02012346
-6.282316 -0.2240263 0.2700247 -0.2573557 -0.1070866
-4.751528 0.005416675 0.8310082 -0.204249 0.02111849
-7.694048 0.02380952 0.02125139 -0.1785848 -0.0103671
-4.691549 0.0397351 1.134443 -0.493922 -0.1772263
-4.544257 0.07583149 0.5924719 -0.2318609 -0.003153353
-7.123131 -0.05357143 0.02261839 -0.1523674 0.007016797
-5.034508 0.03267974 0.1416597 -0.05740628 -0.0484761
-4.21155 -0.1371429 0.516596 -0.08940445 -0.06832875
-6.599432 -0.09090909 0.135762 -0.1736475 0.009089504
-4.662828 0.1045752 0.39508 -0.04671068 -0.1657428
-6.864693 -0.1162791 0.02641846 -0.0998058 -0.02367318
-6.950205 0.0464135 0.3195794 -0.1232168 0.08808277
-5.966347 0.006896552 0.1181721 -0.1374505 0.04500737
-6.972747 -0.01724138 0.02800355 -0.1077706 -0.03602437
-6.407849 -0.119602 0.04284535 -0.05044401 -0.05095358
-7.500725 0.01003802 0.3016074 -0.1354161 -0.002137323
-5.938169 -0.07947712 0.5482096 -0.06436251 -0.02796126
-4.455173 -0.1333333 0.4895225 0.01542468 -0.05417562
-5.31222 -0.02631579 1.011521 -0.1667259 0.005733876
-7.061865 0.006920415 0.2279469 0.07743952 0.05554358
-5.348086 0.002413795 0.4295438 -0.1222479 -0.02235977
-4.286204 -0.008403362 0.3018807 -0.1532552 -0.01221484
-4.518026 -0.1461988 0.6312725 -0.1288607 0.03642461
-4.46254 -0.3758025 0.5341949 -0.281983 -0.08797242
-7.201303 0.03666667 0.1904991 -0.1085707 -0.003795004
-4.49576 0.00625 0.5535649 -0.08157721 -0.005296604
-8.601501 -0.1277228 0.1819043 -0.1971061 -0.05852753
-5.510835 -0.02362205 0.3470483 -0.2708844 -0.08934305
-5.012197 0.02790698 0.6213157 -0.3221464 -0.06688151
-6.960758 0.02230483 0.4683189 -0.1498222 -0.05173322
-4.889487 -0.009478673 1.293456 -0.1084378 0.1274096
-6.811409 -0.0875 0.02401843 -0.08618858 -0.04497346
-4.640904 -0.06473282 0.9630478 -0.09687951 0.1298141
-6.466412 -0.3234111 0.2610975 -0.0136847 -0.04988743
-4.847334 0.01333333 0.4513671 -0.8111479 -0.1005031
-7.166477 0.04405286 0.4946041 -0.1620627 0.1271093
-4.162675 -0.1139726 0.3619852 -0.1555201 0.3873736
-4.255033 -0.02197802 0.9917859 -0.02442217 0.1523013
-5.468515 -0.08170213 0.3412019 -0.06748102 0.07740988
-5.238287 -0.2157333 0.4782926 -0.2287708 -0.0008595325
-6.315792 0.1397849 0.05967096 -0.125489 -0.05613151
-6.100223 -0.006756757 0.219678 -0.2355629 0.05413863
-5.583384 -0.1111111 0.4037342 -0.2786138 -0.1038815
-4.154628 -0.02197802 0.5132577 -0.1643204 0.0603658
-5.461371 -0.09688582 0.3263744 -0.0181357 0.008460263
-5.943783 0.006622517 0.5935603 -0.0359933 0.1437852
-4.817227 -0.02173913 0.0924331 -0.05468423 0.06367168
-5.190844 -0.03321033 0.3817799 -0.1541627 0.1068328
-5.185848 0.1803279 0.1299103 0.1508227 0.2411185
-5.755738 -0.1335404 0.02826121 -0.1473912 -0.03915548
-4.360899 -0.1242604 0.03516701 -0.0770981 -0.03677625
-5.944895 0.06008584 0.4203443 -0.4206349 -0.05650708
-4.502323 -0.05202312 0.2099509 -0.06401197 0.007931678
-6.204258 -0.11 0.1612176 -0.04474926 -0.05996259
-4.178846 0.05327014 0.5163841 -0.05510258 -0.04958858
-4.837469 -0.221519 0.3462391 -0.2366181 0.00557445
-4.870373 -0.01834862 0.0338527 -0.1109467 -0.04915178
-5.17742 0.02112676 0.4471684 -0.06412265 0.1179205
-4.573287 0 0.7426048 -0.1400381 0.02111849
-6.178351 -0.03125 0.3661345 -0.3037982 0.02111849
-5.394301 -0.002089552 0.2936644 -0.1959498 0.1038253
-6.484311 -0.0754717 0.03257655 -0.1379037 -0.06730256
-6.07462 -0.1304348 1.112476 -0.09077835 -0.07289861
-4.706711 -0.01851852 0.2711046 -0.2117411 0.002936673
-4.214636 0.05371901 0.3297723 -0.07341229 -0.02691645
-5.669869 -0.01980198 0.1963923 -0.0617432 -0.01577471
-6.364837 0.04226191 0.3812662 -0.1497237 -0.09103104
-4.401645 -0.09511111 0.1289764 -0.09412471 0.03336339
-4.379862 0.06818182 0.2435484 0.01286272 -0.08912542
-4.269603 0.078125 0.3350692 -0.01168666 -0.089051
-6.015614 -0.009174312 0.03912421 -0.1037356 -0.03342696
-7.772406 -0.04428904 0.1004569 -0.2196191 -0.02129222
-5.269218 -0.08470024 0.2451254 -0.2378969 0.06576135
-7.405195 -0.2614379 0.165413 -0.4100323 -0.03760344
-5.018169 0.03314917 0.2210914 -0.4046365 -0.1018529
-4.442922 0.007042253 0.5750851 -0.1440839 -0.0214347
-4.675545 -0.1754717 0.1983503 -0.2001344 -0.003075057
-6.570181 -0.1096774 0.3212469 -0.2620258 0.01704872
-5.661843 -0.04716981 0.1575212 -0.2241988 -0.02475307
-5.060791 0.03144654 0.386608 -0.1155401 0.1315081
-4.664702 -0.02702703 0.1938923 -0.1229376 0.05971498
-5.162916 0.01197605 0.6152404 -0.2388014 0.16827
-4.485536 -0.08744589 0.1546888 -0.03665351 -0.01986512
-4.5835 0.1267123 0.1213204 -0.1666025 -0.082607
-6.110821 -0.02702703 0.2214464 -0.2367837 0.03081378
-8.310099 -0.02654028 0.6102957 -0.1794471 0.06784746
-5.248947 0.02645503 0.7122601 -0.2172275 0.09215674
-7.147118 -0.06824925 0.06673407 -0.1434221 -0.04165929
-5.53338 -0.06550218 0.6872964 -0.1666282 0.08505291
-5.546105 -0.1097059 0.4553808 -0.1262184 0.06778516
-6.290401 -0.2586207 0.08465838 -0.1308309 -0.04737466
-4.665355 -0.03030303 0.03505456 0.4671778 -0.09652857
-5.943358 -0.07692308 0.06952803 -0.215791 -0.03443707
-6.374407 -0.1348123 0.4956573 -0.06937736 0.1542501
-4.657478 0.1632653 0.1969733 -0.4507406 -0.04717419
-5.490601 -0.01633508 0.05930683 -0.06686259 -0.04694434
-6.416601 -0.122905 0.1979052 -0.3909568 -0.1331104
-4.246545 0 0.4298106 -0.1416598 0.09432111
-4.988667 -0.01875 0.44348 -0.2919485 -0.03777722
-5.642994 0.08434783 0.383673 -0.1329848 0.04504194
-4.529274 -0.2245902 0.03009915 -0.05233946 -0.006467716
-4.956795 -0.05384615 0.5469579 -0.2962043 0.0430163
-6.107894 0.1073446 0.5515627 -0.2946967 -0.01052708
-5.213543 0.005714286 0.1988418 -0.177273 0.1533024
-6.113157 0.1616767 0.1586842 -0.1676558 -0.05031008
-8.07641 -0.2064057 0.3795061 -0.2175294 0.03746266
-4.422895 -0.03478261 0.2621812 -0.3166379 -0.01039411
-4.35071 -0.11 0.03445631 -0.0399165 -0.04879142
-5.321185 -0.05392157 0.1567404 -0.1218642 0.00232779
-5.657948 0.08144797 0.2672133 -0.2998089 -0.0330687
-4.544767 -0.03191489 0.2282408 -0.04781826 0.04173705
-6.100498 -0.03225806 0.03728191 -0.1665134 -0.02185026
-4.610255 -0.1693827 0.03958346 -0.1949249 -0.1079138
-4.424866 -0.09821428 0.04469321 -0.03596954 -0.0006701275
-6.356015 -0.04273504 0.03666275 -0.1476063 0.03412396
-5.195003 -0.1306818 0.03981291 -0.08490749 -0.03757498
-4.729335 -0.1643725 0.2689174 0.002395731 -0.08377662
-5.077791 -0.2132203 0.5543672 -0.2775457 -0.05256572
-5.216197 0.02631579 0.2197658 -0.6705731 -0.03293556
-5.951792 -0.02922078 0.6390209 -0.1762056 0.01796392
-4.862773 -0.2580645 0.3074065 -0.03033549 -0.01734305
-6.536324 0.02843137 0.4106058 -0.1572597 0.01096621
-5.476269 -0.07291666 0.6864559 -0.09402034 0.04752626
-4.336861 -0.07986111 0.1883709 -0.07802578 -0.04962106
-4.55496 -0.07462686 0.05120026 -0.07424937 -0.003881508
-4.398261 -0.0867647 0.4514061 -0.07266414 -0.1081332
-6.734967 0.06871166 0.1600248 -0.3750426 -0.05835171
-4.265282 -0.1262136 0.3599828 -0.09305936 -0.05714238
-5.03756 -0.03418804 0.5251342 -0.1411706 -0.03838564
-4.604255 -0.1344086 0.0357113 -0.3307101 -0.02627488
-5.319705 -0.08290155 0.6364688 -0.3099991 -0.03247003
-4.349219 -0.04309392 0.7357973 -0.0849475 0.02111849
-4.786458 -0.005464481 0.02699612 -0.2311205 -0.04192498
-7.0957 0.02345679 0.7321515 -0.119744 -0.04725758
-4.734003 -0.0317647 0.4986252 -0.1396973 -0.05031008
-5.224132 -0.1494253 0.1714432 -0.1737313 -0.02388151
-6.325246 -0.02309677 0.5554174 -0.1391874 -0.03602437
-4.701917 -0.1595745 0.2547392 -0.1385227 -0.04310169
-5.471167 0.002624672 0.5746955 -0.1318923 0.08953954
-5.195395 -0.01506024 0.8349603 -0.2189163 0.01367083
-4.921484 0.05797468 0.2759536 0.03803397 0.07554026
-5.428764 0.06018519 0.1154467 -0.3526548 -0.06262535
-4.872367 -0.02482759 0.3487556 -0.250123 0.03797242
-4.365143 0 0.4934766 0.006739587 0.0762366
-5.067923 -0.04830918 0.03104284 -0.07100713 0.04627978
-4.461865 -0.1333333 0.06225649 -0.1670494 0.01729496
-7.214094 0.03728814 0.09679388 -0.2269788 -0.04578292
-4.541435 -0.06896552 0.0347849 -0.07373199 0.02111849
-4.995698 -0.1076923 0.1030808 -0.07951926 0.04064974
-6.391171 -0.01403509 0.04683464 -0.05467204 0.06205416
-4.330483 -0.05084746 0.2012054 0.03413315 -0.09339764
-5.191627 -0.06547619 0.4045942 -0.07512977 0.02089502
-4.853116 -0.03418804 0.03640529 0.1212213 0.02525072
-5.860608 -0.06382979 0.4983675 -0.1813065 0.02311849
-5.374908 0.02439024 0.2200418 -0.01011016 -0.1413815
-5.551025 0.01052632 0.4215255 -0.5203785 -0.02866875
-5.315909 -0.1671642 0.03945287 -0.06419671 0.07306654
-5.681027 0 0.06924878 -0.2095518 -0.005817535
-5.29696 -0.2593548 0.01724054 -0.3608974 -0.1711892
-5.228332 -0.03 0.5724546 -0.1951113 0.06966218
-4.30344 -0.1325217 0.5238697 -0.582584 -0.001958433
-5.775463 -0.07824562 0.2342617 -0.1201346 -0.0321602
-5.2132 -0.06622516 0.07014358 -0.1034638 -0.01912996
-6.407686 0.01550388 0.4889201 -0.1382303 0.04080353
-5.775563 -0.02419355 0.1204813 -0.5064997 -0.09321222
-4.500416 -0.3864151 0.2325848 -0.2259433 -0.1021692
-5.867584 -0.251462 0.1080267 -0.0238288 -0.03261983
-6.663381 0.01604938 0.01725785 0.05036295 0.00201021
-4.370817 -0.0860215 0.9021778 -0.03057592 0.21597
-4.694325 -0.1029412 0.03928788 -0.1669921 -0.05128151
-5.990881 -0.05376344 0.02913262 -0.3800868 0.06329536
-5.009294 0.002292994 0.5905175 -0.2799928 0.2070159
-4.39436 -0.1770833 0.3147062 -0.1256313 0.1043043
-4.156409 0.1413043 0.6114349 -0.03384874 0.0717514
-5.633957 -0.2546816 0.6561891 -0.6383556 -0.06544867
-5.21325 0.006700507 0.492908 -0.1157089 0.02111849
-4.873879 -0.2953488 0.09028137 -0.3164769 0.1742716
-5.306059 -0.0689655 0.1229975 -0.2026341 -0.06382775
-4.259633 -0.123688 0.2212254 -0.1197519 -0.04217265
-4.454878 -0.1157025 0.331138 -0.1913191 0.07593331
-6.218709 -0.005102041 0.0950117 -0.04485682 0.03715904
-5.481801 -0.1609195 0.08676403 -0.2700608 0.02547493
-5.131557 0.1800948 0.5126743 -0.2462787 0.01210115
-5.226518 -0.0867052 0.4953837 -0.3279185 0.2019696
-4.94131 0.06285714 0.1426651 -0.3168941 -0.07034493
-6.743827 -0.01346939 0.04563646 -0.0371432 -0.05031008
-6.641385 -0.1641791 0.1813005 -0.2191341 0.001887721
-4.559323 -0.006493507 0.6280817 -0.1805459 -0.02765571
-5.692992 -0.09580839 0.6519129 -0.2703794 -0.01680501
-4.987136 -0.08130081 0.6460272 -0.483619 -0.01076121
-5.207736 -0.06666667 0.289282 -0.1987527 -0.00138151
-5.465678 0.008130081 0.3094526 -0.4838654 0.08669226
-5.480436 0.02815534 0.1917924 -0.03852018 0.08172455
-4.781376 0.03050848 0.02618861 -0.01535844 -0.0391652
-4.580474 -0.0530303 0.2241466 -0.1167809 -0.05111173
-5.024952 -0.07608695 0.04330217 -0.1294521 -0.008376458
-6.598478 0.01823362 0.09505142 -0.3502587 -0.06342962
-6.982735 0.08629441 0.2343104 -0.4052614 -0.03732595
-6.473067 -0.08 0.1628587 -0.09452467 -0.02882862
-4.983303 0.03604743 0.3860532 -0.10582 0.09165791
-4.706475 0.06711409 0.3161037 -0.1031234 0.02111849
-5.675674 -0.006849315 0.04279522 -0.1519571 0.03472393
-6.661307 -0.0732258 0.7752089 -0.08934396 -0.0167603
-4.290569 -0.1962617 0.3329579 0.1384305 0.01330599
-5.704814 -0.006756757 0.06048689 -0.07749095 -0.1547204
-6.387865 -0.0718232 0.07835166 -0.2063859 0.0004999345
-5.322576 0.006802721 0.3483999 -0.1907849 -0.0220322
-5.809043 -0.1458333 0.5318703 -0.09900015 -0.05797242
-4.218706 -0.03278688 0.1304204 -0.4512916 0.03699151
-7.258515 -0.1037736 0.7652061 -0.2574843 -0.008739059
-4.988487 0.08264463 0.1329706 -0.3973773 0.4831005
-4.731521 -0.1782946 0.1932027 -0.1650355 -0.05124993
-5.422727 -0.1531531 0.3901995 -0.24034 0.02893099
-4.505129 -0.25 0.03529659 -0.09959956 0.06561849
-6.38049 -0.003896104 0.226647 -0.01170664 0.03419039
-5.562017 -0.1176471 0.02785282 -0.09913965 -0.04467099
-5.940045 -0.1050848 0.02345419 -0.07706153 -0.03356901
-5.45571 0.05921053 0.3273066 -0.3641312 -0.006853537
-5.334833 0.005970149 0.4839348 -0.218324 0.0301275
-5.797069 0.04014085 0.4949992 -0.1046617 -0.02685199
-5.76452 -0.07216494 0.02568746 -0.1339496 -0.05580459
-7.80706 -0.1554984 0.3275237 -0.3479928 -0.08223347
-4.968533 -0.02314815 0.04577448 -0.05447851 0.04326113
-5.880262 -0.05405405 0.480008 -0.08807452 0.01257148
-4.754479 -0.1422414 0.4990113 0.04195027 0.009043019
-7.071259 0.05702479 0.02858456 -0.1805974 -0.02755408
-4.739996 -0.1944444 0.1855782 -0.6345484 -0.2114397
-5.86887 0.03607143 0.6959518 -0.2560925 -0.07233945
-4.243475 0.06349207 0.2570177 -0.4943708 -0.03277981
-4.491058 0.0535117 0.1390062 -0.1385925 0.0317192
-4.86597 -0.06136364 0.2994995 -0.1191657 -0.006718769
-5.430003 -0.1428571 0.4967685 -0.2306875 0.01945182
-7.305487 -0.01006711 0.02078577 -0.1621246 -0.0851938
-5.116176 -0.1215618 0.931245 -0.1032805 -0.006118863
-7.388219 -0.04827586 0.4322173 -0.344868 -0.08480256
-6.200063 0.05693431 0.2265685 -0.2733433 -0.06027686
-4.548896 -0.01587302 0.2706252 -0.1720882 0.06799349
-5.372453 0.1007194 0.1728234 -0.3539455 -0.09088151
-5.826563 -0.1183177 0.0827252 -0.1498903 0.03383035
-5.217785 -0.05530303 0.324359 -0.1424682 -0.0006996905
-4.228088 -0.3398058 0.08188153 -1.317534 -0.3194612
-6.422251 -0.09324009 0.5465578 -0.3157107 -0.06203716
-5.347422 0.09248555 0.01792843 -0.1385682 0.03487645
-5.813103 -0.1636364 0.5444434 -0.214716 0.02762891
-4.317703 0.1 0.1574824 -0.3685318 -0.07764694
-5.896303 0.06289309 0.2590437 -0.3213167 0.01440708
-7.027057 0.08168067 0.1860864 -0.1385639 0.03963701
-5.491204 0.2130233 0.5078438 -0.254183 0.09738967
-4.791379 -0.0746888 0.2020252 -0.4400011 0.04042351
-4.634492 -0.01967213 0.04171559 -0.3208726 0.02111849
-5.328967 -0.01081967 0.5746024 -0.1766696 0.03737865
-4.547456 0.0007843138 0.1572338 -0.1015391 0.02111849
-5.161782 -0.125 0.44367 -0.09453476 0.09551462
-5.134636 0.2519149 0.3870437 -0.2495862 0.06397563
-4.469488 -0.05449628 0.3671771 -0.1356713 -0.1038815
-4.657799 -0.08139535 0.2762446 -0.1382736 -0.1100643
-7.075865 -0.00952381 0.2345704 -0.400003 -0.08039095
-7.169046 -0.03571429 0.02949835 -0.1979933 -0.08462864
-5.518045 -0.1616162 0.3392367 -0.2653908 0.02859675
-4.245046 -0.02222222 0.2984407 -0.05604373 0.184162
-5.203324 -0.08214286 0.02948486 -0.08768436 0.01266965
-5.857819 -0.1304348 0.3044226 -0.1661166 -0.01365074
-4.593432 -0.08888889 0.1227518 -0.07539125 -0.03500396
-4.497919 -0.004830918 0.4432975 -0.271532 0.01150311
-5.472624 -0.1937985 0.1248042 -0.1750387 0.01462498
-4.279454 -0.06034483 0.04315113 -0.05842881 -0.007336794
-4.469809 -0.04199475 0.02275974 -0.09196295 0.1243931
-5.163798 0.1612903 0.4754483 -0.3076291 0.008297978
-6.970801 0.05379747 0.3306635 -0.5686643 -0.04242666
-6.956995 -0.05621302 0.1923014 -0.1051641 0.05193082
-6.708267 -0.1238938 0.3698943 -0.08990452 -0.06155867
-4.975197 -0.05099778 1.30598 -0.09500786 0.1107387
-5.277493 -0.1020408 0.1867935 -0.2508968 0.08284689
-5.955183 -0.06888889 0.1266401 -0.2169655 -0.09993414
-6.493759 -0.1360825 0.4415898 -0.1333802 -0.07062463
-5.259428 0.2053232 0.1343157 -0.696726 -0.1453887
-6.442105 -0.06097561 0.3398165 -0.1832796 -0.007617141
-5.804397 -0.1673059 0.2717896 -0.2632491 -0.07299916
-4.639227 0.01869159 0.5857146 -0.2419235 0.1068328
-5.766094 -0.08316831 0.3909655 -0.2264109 -0.03851454
-5.045942 -0.2076543 0.5424347 -0.1008125 0.05188772
-5.468069 -0.07236842 0.1489512 -0.07934033 -0.03409623
-8.167067 -0.07909604 0.02987184 -0.02934676 -0.08882915
-6.081085 -0.142616 0.5532231 -0.01283119 -0.0127161
-5.261259 -0.12 0.02726009 0.02900955 0.04522563
-5.049596 -0.02523659 0.5256957 -0.1236485 -0.04965074
-5.908878 0.04838709 1.161965 -0.04715625 -0.0249832
-7.417068 0.009674419 0.6221571 -0.1668097 -0.04491925
-4.217122 0.1083333 1.00309 -0.07302991 0.001305406
-5.45276 0.009756098 0.3131776 -0.3697142 0.05506911
-6.168974 -0.09174312 0.1613815 -0.2239136 -0.06711681
-4.867047 0.006021514 0.4011578 -0.1313218 0.04309651
-5.604253 0.05276074 1.564415 -0.3796953 -0.1152451
-4.975461 -0.1852814 0.1171397 -0.04537229 -0.04161213
-6.762071 -0.04081633 0.02665821 -0.094428 0.01594185
-4.646734 -0.01709402 0.1759582 -0.1378023 0.02246303
-5.830259 -0.07258064 0.03092595 -0.1557466 -0.06008452
-4.993523 0.05172414 0.09637718 -0.5329795 0.09384576
-8.365058 -0.0359116 0.06803997 -0.1415235 -0.03754817
-7.552138 0.02156522 0.3432529 -0.2405819 0.003208044
-6.461493 -0.08333334 0.0466271 -0.09764775 -0.07782382
-5.794488 0.03703704 1.095726 -0.1316713 0.1316954
-7.719693 0 0.02239045 -0.1131988 -0.05337692
-5.97756 -0.07471264 0.3435579 -0.07598251 -0.08583338
-7.000983 0.1222707 0.6571468 -0.4279118 -0.078384
-4.325407 0.01041667 0.5930431 0.03556967 0.03164481
-4.51159 -0.05538462 0.0350593 -0.1204541 0.0007103275
-5.393765 0.02652174 0.6769494 -0.2490087 0.0435904
-6.644788 -0.07256757 0.02455674 -0.1790626 -0.03958438
-4.493206 -0.05031446 0.1421848 -0.1084736 -0.0507378
-5.693249 -0.07617392 0.03173281 -0.1198225 -0.003471673
-4.818774 -0.1277778 0.3288306 -0.04798507 0.04177965
-6.59367 0.01993355 0.2605084 -0.1297905 0.06518629
-6.615729 -0.06949153 0.06579012 -0.04558061 0.02587285
-7.000043 -0.04488778 0.03452467 -0.03619726 -0.03224667
-5.143723 -0.06349207 0.1368559 0.04436772 -0.04853325
-5.386407 0.1062366 0.1865795 0.08661971 0.05363881
-6.908573 -0.06447762 0.0391863 -0.1014567 -0.032073
-4.978264 -0.3152 0.3457914 -0.3991345 0.05770385
-4.681506 -0.05128205 0.6085151 -0.1030256 0.02111849
-6.681413 -0.05129683 0.2151379 -0.121272 -0.02888151
-6.858196 -0.01036269 0.8166423 -0.2863489 0.07240054
-5.794354 -0.06666667 0.06256974 -0.1756595 -0.0142076
-5.515253 -0.06047244 0.9370394 -0.343136 0.1255961
-5.844954 -0.2395833 0.6796391 -0.3241754 -0.01669664
-5.572478 -0.1401274 0.2549125 -0.5364698 -0.06133961
-5.879117 0.08252427 0.6797277 -0.8898479 -0.07941061
-4.995237 -0.03905882 0.1146632 -0.8055561 -0.04138151
-6.409862 -0.12 0.03236336 -0.1481346 -0.1110244
-5.038523 0.131579 0.7413203 -0.05022689 -0.00918454
-6.236393 0.09811321 0.5600709 -0.1440358 0.00856619
-4.570206 -0.1707317 0.2463624 0.2660011 -0.02054818
-4.546078 0.09677419 0.754151 -0.2554962 0.1132613
-6.484325 -0.01078167 0.4136674 -0.2530565 -0.05888151
-6.437944 -0.1940299 0.6585248 -0.1986905 -0.01950651
-4.55552 -0.1323077 0.0962078 -0.137023 -0.05221484
-4.359145 0.1190476 0.514643 0.09393214 0.04003741
-6.144795 -0.003577236 0.03864082 -0.1321612 -0.04445528
-5.962798 0.008407644 0.6925811 -0.121401 0.1185211
-4.496471 0.01639344 0.04220824 -0.1806753 0.004451823
-4.566746 -0.03212851 0.2573806 -0.3345785 -0.1306325
-4.47695 0.01369863 0.5777939 -0.006823344 -0.06221485
-4.428552 0.03333333 0.6881288 -0.1101658 0.04387711
-5.076641 0.07594936 0.2782854 -0.5931556 -0.06107329
-6.567469 0.01530612 0.6934627 -0.4909426 0.0003931025
-5.40382 -0.006999176 0.3606123 -0.1612264 -0.09064622
-5.045586 0.0349345 0.5940624 -0.07877149 0.4690823
-5.229295 -0.01612903 0.09557839 -0.4042721 -0.03708257
-5.339025 -0.08659217 0.04037412 -0.1005831 -0.025154
-6.455034 -0.04898649 0.3084387 -0.04025783 0.08627246
-4.50872 0.03773585 0.254273 -0.6518325 -0.1553521
-5.72409 0.07004367 0.5072194 -0.328243 -0.01661736
-5.281298 -0.09719457 0.1439497 -0.2591374 -0.08631952
-6.323748 0.07168459 0.9362588 -0.6716509 0.009535479
-7.076181 0.08555133 0.4283527 -0.3590618 0.06061953
-4.846315 -0.04545455 0.03119713 -0.4150129 -0.1223598
-5.895922 -0.06666667 0.1022451 -0.1266089 0.02111849
-6.681962 -0.09463722 0.1434959 0.6818231 -0.02787287
-6.56053 0.01287554 0.3434998 -0.3592069 0.02111849
-4.540148 0.07909604 0.6364587 -0.3193652 0.06406328
-6.250333 0.07163636 0.290206 0.04667013 0.3005303
-4.201999 0.1451613 0.2916747 -0.1047459 -0.05435321
-5.552872 -0.2021622 0.2164117 -0.07990892 0.06657304
-4.386504 -0.06153846 0.1859016 -0.202082 -0.008293274
-6.98586 -0.04697987 0.03846949 -0.1090202 0.06599029
-5.141928 -0.04137931 0.6075295 -0.4112724 -0.05172919
-6.767536 -0.0625 0.7906185 -0.6563762 0.04072633
-4.50118 -0.26425 0.4602182 0.006946927 -0.09828449
-4.640448 0.05932203 0.4198263 -0.1352864 0.2211185
-6.319157 0 0.5156414 -0.7609485 -0.03105542
-4.779649 -0.1627907 0.02463981 -0.1022452 -0.07248151
-5.51359 0.0960452 0.3159037 -0.5881673 -0.1163815
-4.454084 -0.1549451 0.6794031 -0.2135732 0.059396
-6.523981 -0.1046025 0.6013494 -0.2968079 -0.08115424
-5.864372 0.01863354 0.3094197 -0.2741765 -0.08014734
-5.830814 0.05208333 0.9582922 -0.3418116 -0.04393646
-4.34443 -0.1838806 0.07685027 -0.1369744 -0.09576462
-4.62092 0.01958042 0.1247408 -0.6912181 -0.09316722
-5.042948 0.05192546 0.4863912 -0.1752255 0.03427639
-5.588338 0.1392405 0.6883895 -0.3102739 0.0578832
-4.582406 -0.1834711 0.2917188 -0.2867035 -0.1056421
-5.817497 0 0.04739669 -0.1902074 -0.04999262
-4.699423 -0.0197619 0.6129869 -0.06611636 0.1152361
-5.200312 0.04692308 0.4422378 -0.3306086 -0.06390175
-4.455743 0.1307692 0.1553522 0.5805709 -0.008970004
-5.114455 -0.03759036 0.2096571 -0.3730833 -0.1300443
-5.477631 0.0754717 0.5084546 -0.006080242 0.06193482
-4.224385 0.1428571 0.193019 -0.3866322 -0.06221485
-4.548388 -0.1851852 0.1224787 -0.274124 -0.189819
-5.186631 0.03571429 0.3953615 -0.2757019 0.1087375
-4.213904 0.01075269 0.483432 -0.2656129 -0.06040325
-5.148418 -0.1884058 0.2115304 -0.9565467 -0.01546687
-4.869696 -0.07584269 0.6396911 -0.2597182 0.002648833
-7.389545 -0.0460251 0.4402355 -0.2396275 -0.08688151
-4.329483 -0.1515152 0.2540133 -0.602244 -0.07098677
-6.077045 0.0591716 0.1930754 -0.3857203 -0.1612714
-4.578716 0.07339449 0.1999784 -0.2964196 -0.07789141
-6.466002 0.02586207 0.6074731 -0.1787966 0.02558278
-4.171242 -0.09166667 0.0466076 -0.2880679 0.04401925
-6.779317 -0.02090323 0.3494013 -0.2658174 -0.1307802
-4.450707 0.004687499 0.365747 -0.1291742 0.02911849
-7.172167 -0.01333333 0.3419522 -0.2556837 0.04859102
-5.078169 0.01264368 0.1869483 -0.06334027 0.1034714
-4.371976 -0.06666667 0.6061978 -0.4913026 -0.01638151
-4.63876 0 0.4019934 -0.2376301 -0.09346485
-6.267346 0.01592357 0.4538122 -0.8181688 -0.03389769
-6.242517 -0.005319149 0.06742539 -0.04315439 0.200801
-7.548002 -0.1280389 0.04708875 -0.3002727 -0.04566312
-4.742756 -0.1111111 0.6397924 -0.4810504 -0.05121485
-6.238485 -0.004608295 0.04315882 -0.1273086 -0.01557876
-5.394948 -0.004069728 0.1552452 -0.5920573 -0.06015539
-5.903455 -0.05555556 0.5884451 -0.2030332 0.2316448
-4.22036 -0.04827586 0.4851054 -0.773782 -0.09072361
-4.158004 -0.08333334 0.4787912 -0.3213895 0.2278877
-4.994252 -0.1904762 0.3746781 -0.1721035 0.03445182
-5.275796 0.03703704 0.2421374 -0.7980627 -0.005804586
-4.828674 0.06315789 0.3239701 -0.05732399 -0.01034218
-4.814345 -0.2310588 0.5439013 -0.3128826 0.001887721
-5.673701 0.09090909 0.1866399 -0.1519836 -0.3230675
-5.030683 -0.03125 0.04298156 -0.0248242 -0.03221484
-4.250057 0.125 0.5755175 -0.09178964 0.1068328
-5.251009 -0.06435644 0.05183359 -0.04801064 0.005490585
-5.545012 0.09655172 0.8883495 -0.2591767 0.0134849
-5.328068 0.05031446 0.462801 -0.4085224 -0.005371575
-4.416591 -0.02590674 0.6996041 -0.1373458 0.1776841
-5.939849 0.09160306 0.3965906 -0.236907 -0.02930168
-6.714092 -0.1506925 0.6253897 -0.2072651 0.01627588
-4.540886 0.1633663 0.182249 -0.1676749 0.05070429
-4.745149 -0.02380952 0.6454471 -0.4088198 0.03856035
-4.178609 0.1463415 0.1340018 -0.7752062 -0.0645958
-5.846882 0 0.02906494 -0.1124261 0.02310047
-4.381698 -0.1903448 0.04837481 -0.1589467 -0.07377202
-5.363375 -0.02797203 0.6347604 -0.0845914 -0.09180668
-5.362312 -0.01197605 0.04487429 -0.1424739 -0.09265396
-4.245143 -0.130597 0.142807 -0.07931324 -0.009112538
-4.241579 0.08042105 0.2991615 -0.02557624 -0.0711892
-4.369624 0.02369668 0.4157599 -0.4043323 -0.1245126
-4.488184 -0.02030769 0.03399 -0.4521772 -0.02433606
-4.823124 -0.03797468 0.5586961 -0.3078592 -0.06912542
-5.305712 0.03125 0.6998091 -0.2824343 -0.09716108
-4.89834 -0.01754386 0.2386011 -0.1554412 0.2107737
-5.647685 -0.1555556 0.2591675 -0.4580096 0.03208003
-4.198468 -0.2164 0.4152608 -0.3960366 -0.0547891
-6.306688 0.004366812 0.1785692 -0.06702114 -0.07975871
-5.217555 0.02242152 0.7685279 -0.158633 0.03010932
-5.078512 -0.09392265 0.04044021 -0.1251362 0.03142777
-4.820463 0.01793722 0.3077567 -0.9833514 -0.07933813
-6.018128 0.03862069 0.8725053 -0.1042205 0.1180882
-5.404077 0.05319149 0.1826529 -1.03408 0.06980763
-5.349272 -0.03375527 0.6412124 -0.09513204 -0.03749376
-4.28075 0.02643172 0.7647809 -0.2480884 -0.1960761
-6.241643 -0.1461616 0.6190578 -0.2750261 0.07630613
-5.722598 -0.1445783 0.03581429 -0.1404335 -0.01607449
-5.175064 -0.01459854 0.122754 -0.2368506 -0.03859374
-4.640383 0.09232432 0.0358457 -0.1094376 0.1536486
-6.316668 -0.2692738 0.04218413 -0.09874497 0.02111849
-4.396877 -0.07655502 0.5585146 -0.03348305 0.02556294
-4.58496 -0.03669725 0.5485863 -0.4033039 0.130853
-5.05353 -0.1413428 0.06972788 -0.2077957 0.04402871
-4.683706 -0.159204 0.03653036 -0.2554341 -0.02128494
-5.722679 -0.006430868 0.04449224 -0.112324 0.03262009
-5.669734 -0.03521127 0.6182934 -0.4465932 0.0007103275
-4.410295 0.02145923 0.7271017 -0.1563834 -0.07098677
-5.5612 -0.05502392 0.04442668 -0.1496776 0.005245474
-7.514889 -0.02723735 0.5721848 -0.642593 0.02960334
-5.510318 -0.2073733 0.7191997 -0.631746 -0.00941586
-4.162869 0.007253886 0.5493345 -0.2062611 -0.07888151
-6.334269 -0.0898195 0.03265068 -0.1061032 -0.03948757
-4.379035 0.114094 0.1206321 -0.3569762 0.09308819
-5.942278 -0.03134328 0.6007401 -0.02221871 -0.03999262
-4.608092 0.119403 0.6947714 -0.5492905 -0.07210185
-4.516161 -0.1642857 0.7391665 -0.1504879 0.01596512
-8.23675 -0.03889981 0.05231027 -0.1862073 0.004073036
-5.147727 -0.01674009 0.03435169 -0.1589694 -0.01540325
-4.229408 -0.1006289 0.4603427 -0.02231945 -0.03602437
-4.193405 0.1546269 0.5586913 -0.3570947 -0.1217387
-4.564231 0.0389418 0.1015386 0.01429621 -0.00681447
-5.593781 -0.01923077 0.08197441 -0.09728285 0.06174742
-5.432403 -0.1452055 0.04404689 -0.07470196 -0.0882595
-4.301867 -0.04069768 0.2943029 -0.3142801 -0.01798766
-4.944023 0.1002781 0.09179228 -0.6522216 -0.02951442
-4.453587 -0.09016393 0.2193814 -0.5721825 -0.06910707
-4.426277 0.06285714 0.7076356 -0.3575028 -0.1313205
-4.345774 -0.025 0.165845 0.06662501 0.04550873
-4.343286 0.04142012 0.4589189 -0.2032473 -0.05388151
-4.568424 0.07798165 0.3421767 -0.2329062 -0.02306061
-5.448374 -0.1209877 0.5454438 -0.1812715 -0.0177704
-5.781694 -0.03067847 0.4021273 -0.6143539 0.04977179
-5.117875 0.01860465 0.4962495 -0.1647254 -0.07575355
-6.063204 -0.06111111 0.4474923 -0.199951 0.06460889
-4.742345 -0.1509434 0.0401064 -0.09531448 0.07938547
-5.345506 -0.07339449 0.4175157 -0.1191889 0.01958003
-5.629226 -0.08860759 0.6230137 -0.1444935 -0.02229236
-5.43494 0.0652921 0.7386981 -0.2778905 0.01067731
-4.947003 -0.07692308 0.3743372 -0.4128387 -0.09316722
-4.720133 -0.15104 0.03446276 -0.1281222 0.05657948
-6.039994 -0.09615385 1.216513 -0.2284179 0.01199568
-5.645329 0.03778802 0.3972034 -0.1976493 -0.0274252
-4.759603 -0.04285714 0.06117642 -0.0799687 -0.006826715
-5.909599 -0.1132076 0.05497433 -0.1016461 -0.05797755
-4.591796 -0.1020408 0.04159408 -0.007137726 -0.0714741
-5.079942 -0.06608187 0.04915394 -0.07013363 -0.1153718
-5.342995 -0.08049536 0.3304652 -0.02094574 -0.07217664
-4.860621 -0.03138075 0.04511934 -0.1468467 0.03937407
-4.54219 0.02777778 0.2542035 -0.1900891 0.02193482
-5.47001 -0.09770035 0.743107 -0.2445563 0.04022677
-4.527717 -0.09090909 0.05065049 -0.05347301 -0.004522535
-4.448616 -0.05479452 0.03760824 -0.1422042 0.01514446
-5.924778 0.09505703 0.4523199 -1.362782 -0.01249496
-6.940352 0.1302682 0.7388115 -0.7337402 0.003497346
-5.846374 -0.08119658 0.2524428 -0.08977546 0.03771928
-5.87245 -0.1100629 0.2309217 -0.298391 -0.1403546
-4.225636 0.08262626 0.7495304 -0.2022215 -0.1004285
-4.499526 0.007462686 0.7365432 -0.1214065 0.06202075
-4.367813 0.06852248 0.03794438 -0.03337264 -0.01842174
-5.005613 -0.01860465 0.2108258 -0.3285866 -0.1067354
-4.346216 -0.1151833 0.03975567 -0.1237941 0.03708093
-4.34065 -0.09868421 0.5283524 -0.3012921 -0.008222827
-5.767709 -0.03212851 0.05675362 -0.08571836 0.007733277
-4.499582 -0.08547009 0.03211562 -0.06928471 -0.0261256
-4.587515 -0.1374359 0.05589916 -0.06010591 0.03638567
-4.235844 -0.1041096 0.04509745 -0.05602175 -0.02263151
-4.331935 -0.03963303 0.1218685 -0.1360444 -0.05852753
-5.382024 -0.1603519 0.0469762 -0.1450163 -0.1370448
-4.774834 -0.1083744 0.0445444 -0.1068746 0.09822961
-6.071735 0.01829268 0.04710201 -0.09623314 -0.0372666
-5.130603 -0.002857144 0.2783934 -0.1808059 -0.02235977
-5.598051 0.1111111 0.4895175 -0.5240924 -0.1438815
-4.575665 0.02996255 0.04181972 -0.05103146 -0.01749155
-5.412394 -0.09430605 0.0432521 -0.07153126 0.03412662
-6.028825 0.0157037 0.04529102 -0.09773983 -0.0499475
-4.315236 -0.006711409 0.4413705 -0.02341972 -0.04554818
-4.465247 -0.1608392 0.4735959 -0.4650273 -0.08731525
-4.614908 -0.02194357 1.488267 0.004202966 -0.07397353
-4.367696 -0.05217391 0.5265872 -0.08135054 0.01615981
-4.399989 -0.07719299 0.3617368 -0.2204158 0.120566
-6.060976 -0.08179723 0.2410861 -0.2415545 0.06556294
-4.767446 0.01470588 0.4531954 -0.14128 0.1136558
-5.599177 -0.12 0.35597 -0.1991494 -0.02663432
-4.371597 -0.005343512 0.4168114 -0.08724567 0.05573388
-5.611416 0.01818182 0.3646937 -0.1268562 0.01829363
-6.163237 -0.03937824 0.2724094 -0.155251 -0.0944594
-4.719695 0.03649635 0.09749097 -0.1717608 0.1044518
-4.881144 -0.078125 0.03928706 -0.09383957 0.1624711
